H000055 -1.94062692e-01 4.77317482e+05 -1.35214669e-01 3.32335993e+05 2457957.94860 2457957.96743 2457957.97998 2457957.99685 2457958.00941 2457958.02194 2457958.02822
H000056 -2.08858509e-01 5.13685024e+05 4.98593847e-03 -1.22711853e+04 2457957.94860 2457957.96743 2457957.97998 2457957.99685 2457958.00941 2457958.02194 2457958.02822 2457958.05090 2457958.06346 2457958.06973 2457958.08544 2457958.09172 2457958.09800 2457958.10427 2457958.11995
H000057 -2.27686179e-02 5.62839087e+04 -4.21044191e-03 1.03332807e+04 2457957.96743 2457957.97998 2457957.99685 2457958.00941 2457958.02194 2457958.02822 2457958.05090 2457958.06973 2457958.08544 2457958.09800 2457958.10427
H000058 -1.90900123e-01 4.69544019e+05 -1.22778755e-01 3.01769140e+05 2457957.94860 2457957.96743 2457957.97998 2457957.99685 2457958.00941 2457958.02194 2457958.02822 2457958.05090 2457958.06346 2457958.06973 2457958.08544 2457958.09172 2457958.09800 2457958.10427 2457958.11995
H000059 -1.87098161e-01 4.60198917e+05 -7.31147009e-02 1.79696880e+05 2457957.96743 2457957.97998 2457957.99685 2457958.00941 2457958.02194 2457958.02822 2457958.05090 2457958.06346 2457958.06973 2457958.08544 2457958.09172
H000060 -1.49678514e-01 3.68223063e+05 -1.18732184e-01 2.91822766e+05 2457958.00941 2457958.02194 2457958.02822 2457958.05090 2457958.06973 2457958.08544 2457958.09800 2457958.11995
H000061 -1.63882095e-01 4.03134915e+05 -1.17814602e-01 2.89567551e+05 2457958.02194 2457958.02822 2457958.05090 2457958.06346 2457958.06973 2457958.09800 2457958.10427 2457958.11995
H000062 -1.39822631e-01 3.43997650e+05 -1.59380886e-01 3.91735734e+05 2457958.05090 2457958.06973 2457958.08544 2457958.09800 2457958.10427 2457958.11995

# 以下コメント
~/.coias/past_pre_repo_data/yyyy-mm-dd/coefficients-for-predict.txt
観測日がyyyy-mm-ddのpast_pre_repo3.txtに記載の新天体について, raとdecをjdに対して線形関数でフィットした係数が記述してあるファイル.
フィットに用いたjdの一覧(=すでに観測済みの時刻一覧)も記載してある。
書式: 新天体名 raの勾配 raの切片 decの勾配 decの切片 以降フィットに用いたjdの一覧