H000016 0 4841.08 338.63
H000016 1 4841.32 338.47
H000016 3 4841.11 338.40
H000016 4 4841.10 338.41
H000017 0 1788.18 406.32
H000017 1 1788.03 406.35
H000017 3 1788.44 406.74
H000017 4 1788.58 406.23
H000018 0 3786.92 848.03
H000018 1 3785.36 848.20
H000018 2 3786.02 847.28
H000018 3 3787.18 849.05
H000018 4 3786.07 847.42
H000019 0 4908.46 1181.78
H000019 1 4909.03 1181.50
H000019 2 4908.53 1181.49
H000019 3 4909.61 1181.11
H000019 4 4909.54 1181.10
H000020 0 1940.12 1468.22
H000020 1 2004.59 1488.92
H000020 2 2061.28 1507.07
H000020 3 2123.71 1526.68
H000021 0 167.33 1500.03
H000021 1 167.83 1499.87
H000021 2 167.83 1499.69
H000021 4 167.14 1499.86
H000022 1 1592.29 2044.39
H000022 3 1591.51 2044.31
H000022 4 1592.47 2044.18
H000023 0 2940.99 2066.58
H000023 1 3019.94 2076.30
H000023 2 3088.50 2084.88
H000023 3 3164.86 2093.66
H000023 4 3235.06 2102.11
H000024 0 759.31 2184.83
H000024 1 759.48 2184.51
H000024 3 758.99 2185.01
H000024 4 759.29 2184.39
H000025 0 2090.02 2940.34
H000025 1 2157.42 2948.41
H000025 2 2216.43 2955.65
H000025 3 2282.00 2963.35
H000025 4 2343.05 2970.45
H000026 0 3082.38 3069.32
H000026 1 3151.38 3070.11
H000026 2 3211.92 3071.13
H000026 3 3278.82 3071.97
H000026 4 3340.93 3072.97
H000027 0 1870.75 3258.48
H000027 1 1935.56 3276.41
H000027 2 1992.48 3291.72
H000027 3 2056.44 3308.95
H000028 2 450.00 2304.00
H000028 3 526.00 2332.00
H000028 4 594.00 2356.00
H000029 0 1052.00 2539.00
H000029 1 1130.00 2562.00
H000029 2 1198.00 2582.00
H000030 1 647.00 8.00
H000030 3 792.00 46.00
H000030 4 861.00 64.00
H000031 2 1236.00 562.00
H000031 3 1298.00 580.00
H000031 4 1352.00 598.00
H000032 0 2096.00 372.00
H000032 1 2174.00 379.00
H000032 2 2243.00 384.00
K06W32C 1 4641.00 3703.00
K06W32C 3 4782.00 3749.00
K06W32C 4 4849.00 3772.00
K15AG2H 0 4514.21 1686.26
K15AG2H 1 4601.96 1690.36
K15AG2H 2 4678.19 1693.67
K15AG2H 3 4763.19 1697.07
K15AG2H 4 4841.33 1700.01
K8914 0 1240.19 636.14
K8914 1 1301.33 666.53
K8914 2 1353.63 692.16
K8914 3 1412.21 720.93
K8914 4 1466.14 747.17
t9446 0 3134.00 433.00
t9446 1 3200.00 455.00
t9446 2 3258.00 473.00

# 以下コメント
final_all.txtに記載の情報のうち, disp系の情報のみを抜き出してきたもの.