     H000015  C2015 01 26.29696 08 36 33.25 +17 16 45.56         27.2 r      568
     H000015  C2015 01 26.32533 08 36 33.25 +17 16 45.59         25.8 r      568
     H000015  C2015 01 26.34985 08 36 33.25 +17 16 45.67         26.4 r      568
     H000015  C2015 01 26.37706 08 36 33.25 +17 16 45.60         26.9 r      568
     H000015  C2015 01 26.40204 08 36 33.25 +17 16 45.63         24.2 r      568
     H000016  C2015 01 26.29696 08 36 39.21 +17 17 24.78         24.7 r      568
     H000016  C2015 01 26.32533 08 36 39.21 +17 17 24.72         24.9 r      568
     H000016  C2015 01 26.34985 08 36 39.21 +17 17 24.74         25.6 r      568
     H000016  C2015 01 26.37706 08 36 39.21 +17 17 24.70         24.6 r      568
     H000016  C2015 01 26.40204 08 36 39.21 +17 17 24.71         24.7 r      568
     H000017  C2015 01 26.29696 08 37 50.83 +17 17 46.62         24.4 r      568
     H000017  C2015 01 26.32533 08 37 50.84 +17 17 46.63         24.2 r      568
     H000017  C2015 01 26.37706 08 37 50.83 +17 17 46.76         24.7 r      568
     H000017  C2015 01 26.40204 08 37 50.82 +17 17 46.59         24.1 r      568
     H000018  C2015 01 26.29696 08 37 23.09 +17 18 47.42         24.8 r      568
     H000018  C2015 01 26.32533 08 37 23.09 +17 18 47.36         24.0 r      568
     H000018  C2015 01 26.34985 08 37 23.09 +17 18 47.57         24.8 r      568
     H000018  C2015 01 26.37706 08 37 23.08 +17 18 47.31         24.0 r      568
     H000018  C2015 01 26.40204 08 37 23.08 +17 18 47.55         24.6 r      568
     H000019  C2015 01 26.29696 08 37 03.95 +17 20 15.79         23.6 r      568
     H000019  C2015 01 26.32533 08 37 03.99 +17 20 15.85         23.9 r      568
     H000019  C2015 01 26.34985 08 37 03.97 +17 20 15.54         23.7 r      568
     H000019  C2015 01 26.37706 08 37 03.94 +17 20 16.14         23.8 r      568
     H000019  C2015 01 26.40204 08 37 03.97 +17 20 15.59         23.7 r      568
     H000020  C2015 01 26.29696 08 36 37.63 +17 22 08.06         23.9 r      568
     H000020  C2015 01 26.32533 08 36 37.62 +17 22 07.97         23.8 r      568
     H000020  C2015 01 26.34985 08 36 37.63 +17 22 07.97         24.1 r      568
     H000020  C2015 01 26.37706 08 36 37.61 +17 22 07.84         24.1 r      568
     H000020  C2015 01 26.40204 08 36 37.61 +17 22 07.84         24.0 r      568
     H000021  C2015 01 26.29696 08 38 28.43 +17 22 12.83         24.2 r      568
     H000021  C2015 01 26.32533 08 38 28.41 +17 22 12.78         24.7 r      568
     H000021  C2015 01 26.34985 08 38 28.43 +17 22 12.84         24.5 r      568
     H000021  C2015 01 26.40204 08 38 28.43 +17 22 12.93         24.4 r      568
     H000022  C2015 01 26.29696 08 37 47.31 +17 23 43.48         23.8 r      568
     H000022  C2015 01 26.32533 08 37 45.80 +17 23 50.47         24.1 r      568
     H000022  C2015 01 26.34985 08 37 44.47 +17 23 56.59         24.0 r      568
     H000022  C2015 01 26.37706 08 37 43.00 +17 24 03.21         24.6 r      568
     H000023  C2015 01 26.29696 08 38 28.92 +17 23 52.95         23.9 r      568
     H000023  C2015 01 26.32533 08 38 28.91 +17 23 52.90         24.3 r      568
     H000023  C2015 01 26.34985 08 38 28.91 +17 23 52.84         24.4 r      568
     H000023  C2015 01 26.40204 08 38 28.93 +17 23 52.89         24.4 r      568
     H000024  C2015 01 26.29696 08 38 10.81 +17 24 57.01         24.7 r      568
     H000024  C2015 01 26.32533 08 38 10.83 +17 24 57.03         24.6 r      568
     H000024  C2015 01 26.37706 08 38 10.82 +17 24 57.12         24.6 r      568
     H000024  C2015 01 26.40204 08 38 10.82 +17 24 56.92         24.9 r      568
     H000025  C2015 01 26.29696 08 36 54.31 +17 26 54.95         24.1 r      568
     H000025  C2015 01 26.32533 08 36 52.82 +17 27 00.49         25.3 r      568
     H000025  C2015 01 26.34985 08 36 51.51 +17 27 05.45         23.9 r      568
     H000025  C2015 01 26.37706 08 36 50.08 +17 27 10.69         24.0 r      568
     H000025  C2015 01 26.40204 08 36 48.75 +17 27 15.48         24.3 r      568
     H000026  C2015 01 26.29696 08 37 55.51 +17 26 56.75         24.2 r      568
     H000026  C2015 01 26.32533 08 37 55.50 +17 26 56.87         24.9 r      568
     H000026  C2015 01 26.37706 08 37 55.52 +17 26 56.84         25.3 r      568
     H000026  C2015 01 26.40204 08 37 55.49 +17 26 56.79         25.1 r      568
     H000027  C2015 01 26.29696 08 37 23.83 +17 27 04.97         23.7 r      568
     H000027  C2015 01 26.32533 08 37 21.98 +17 27 08.26         23.4 r      568
     H000027  C2015 01 26.34985 08 37 20.37 +17 27 11.17         23.1 r      568
     H000027  C2015 01 26.37706 08 37 18.57 +17 27 14.14         23.2 r      568
     H000027  C2015 01 26.40204 08 37 16.93 +17 27 17.01         23.8 r      568
     H000028  C2015 01 26.29696 08 38 15.06 +17 27 43.50         24.7 r      568
     H000028  C2015 01 26.32533 08 38 15.06 +17 27 43.39         24.7 r      568
     H000028  C2015 01 26.37706 08 38 15.07 +17 27 43.56         24.1 r      568
     H000028  C2015 01 26.40204 08 38 15.06 +17 27 43.35         23.9 r      568
     H000029  C2015 01 26.29696 08 37 43.84 +17 31 58.17         22.2 r      568
     H000029  C2015 01 26.32533 08 37 42.26 +17 32 00.92         22.1 r      568
     H000029  C2015 01 26.34985 08 37 40.87 +17 32 03.38         22.2 r      568
     H000029  C2015 01 26.37706 08 37 39.33 +17 32 06.00         22.3 r      568
     H000029  C2015 01 26.40204 08 37 37.90 +17 32 08.41         22.8 r      568
     H000030  C2015 01 26.29696 08 37 20.54 +17 32 41.93         24.4 r      568
     H000030  C2015 01 26.32533 08 37 18.91 +17 32 42.22         24.4 r      568
     H000030  C2015 01 26.34985 08 37 17.49 +17 32 42.58         24.3 r      568
     H000030  C2015 01 26.37706 08 37 15.92 +17 32 42.88         23.9 r      568
     H000030  C2015 01 26.40204 08 37 14.46 +17 32 43.24         24.0 r      568
     H000031  C2015 01 26.29696 08 37 57.44 +17 33 32.86         24.7 r      568
     H000031  C2015 01 26.32533 08 37 55.69 +17 33 38.14         23.7 r      568
     H000031  C2015 01 26.37706 08 37 52.47 +17 33 47.57         23.9 r      568
     H000031  C2015 01 26.40204 08 37 50.89 +17 33 52.03         23.7 r      568
     H000032  C2015 01 26.29696 08 37 49.01 +17 33 44.95         23.6 r      568
     H000032  C2015 01 26.32533 08 37 47.48 +17 33 51.00         23.4 r      568
     H000032  C2015 01 26.34985 08 37 46.15 +17 33 56.18         23.2 r      568
     H000032  C2015 01 26.37706 08 37 44.65 +17 34 02.00         23.7 r      568
     H000034  C2015 01 26.32533 08 38 31.91 +17 42 22.43         24.5 r      568
     H000034  C2015 01 26.34985 08 38 30.56 +17 42 28.86         27.1 r      568
     H000034  C2015 01 26.37706 08 38 29.05 +17 42 35.97         24.6 r      568
     H000035  C2015 01 26.34985 08 38 22.32 +17 28 23.80         23.6 r      568
     H000035  C2015 01 26.37706 08 38 20.54 +17 28 32.77         24.3 r      568
     H000035  C2015 01 26.40204 08 38 18.95 +17 28 40.88         23.3 r      568
     H000036  C2015 01 26.29696 08 38 08.21 +17 29 42.87         22.7 r      568
     H000036  C2015 01 26.32533 08 38 06.38 +17 29 50.48         22.6 r      568
     H000036  C2015 01 26.34985 08 38 04.78 +17 29 57.25         22.7 r      568
     H000037  C2015 01 26.32533 08 38 17.58 +17 15 32.05         23.5 r      568
     H000037  C2015 01 26.37706 08 38 14.18 +17 15 45.43         23.2 r      568
     H000037  C2015 01 26.40204 08 38 12.54 +17 15 51.52         23.2 r      568
     H000038  C2015 01 26.34985 08 38 03.78 +17 18 39.09         23.2 r      568
     H000038  C2015 01 26.37706 08 38 02.34 +17 18 45.01         23.3 r      568
     H000038  C2015 01 26.40204 08 38 01.06 +17 18 50.76         23.4 r      568
     H000039  C2015 01 26.29696 08 37 43.61 +17 17 35.59         21.7 r      568
     H000039  C2015 01 26.32533 08 37 41.77 +17 17 37.64         21.8 r      568
     H000039  C2015 01 26.34985 08 37 40.16 +17 17 39.35         21.9 r      568
     K06W32C  C2015 01 26.32533 08 36 43.91 +17 36 15.16         21.9 r      568
     K06W32C  C2015 01 26.37706 08 36 40.60 +17 36 30.63         21.9 r      568
     K06W32C  C2015 01 26.40204 08 36 39.02 +17 36 38.36         22.0 r      568
     K15AG2H  C2015 01 26.29696 08 36 46.89 +17 24 57.54         21.1 r      568
     K15AG2H  C2015 01 26.32533 08 36 44.83 +17 24 58.93         21.1 r      568
     K15AG2H  C2015 01 26.34985 08 36 43.04 +17 25 00.04         21.2 r      568
     K15AG2H  C2015 01 26.37706 08 36 41.04 +17 25 01.19         21.1 r      568
     K15AG2H  C2015 01 26.40204 08 36 39.21 +17 25 02.18         21.2 r      568
     K15Bx9R  C2015 01 26.29696 08 37 41.66 +17 15 32.65         22.9 r      568
     K15Bx9R  C2015 01 26.32533 08 37 40.29 +17 15 44.20         23.8 r      568
     K15Bx9R  C2015 01 26.34985 08 37 39.14 +17 15 52.60         21.0 r      568
     K15Bx9R  C2015 01 26.37706 08 37 37.81 +17 16 03.10         21.0 r      568
     K17U23O  C2015 01 26.29696 08 38 30.26 +17 36 13.57         24.3 r      568
     K17U23O  C2015 01 26.32533 08 38 28.35 +17 36 20.86         21.1 r      568
     K17U23O  C2015 01 26.40204 08 38 23.18 +17 36 43.22         21.1 r      568
J9988         C2015 01 26.29696 08 38 17.06 +17 23 33.99         20.6 r      568
J9988         C2015 01 26.32533 08 38 15.48 +17 23 39.04         20.6 r      568
J9988         C2015 01 26.34985 08 38 14.11 +17 23 43.37         20.6 r      568
J9988         C2015 01 26.37706 08 38 12.58 +17 23 48.16         20.6 r      568
J9988         C2015 01 26.40204 08 38 11.18 +17 23 52.52         20.6 r      568
K8914         C2015 01 26.29696 08 38 03.70 +17 19 03.50         20.0 r      568
K8914         C2015 01 26.32533 08 38 02.27 +17 19 13.75         19.9 r      568
K8914         C2015 01 26.34985 08 38 01.04 +17 19 22.39         19.6 r      568
K8914         C2015 01 26.37706 08 37 59.67 +17 19 32.10         19.4 r      568
K8914         C2015 01 26.40204 08 37 58.40 +17 19 40.95         19.4 r      568
t9446         C2015 01 26.29696 08 37 19.26 +17 17 56.51         20.8 r      568
t9446         C2015 01 26.32533 08 37 17.71 +17 18 04.09         20.7 r      568
t9446         C2015 01 26.34985 08 37 16.35 +17 18 09.65         20.7 r      568

# 以下コメント
mpc4.txtとmpc4_m.txtを結合したもの.
ただし, mpc4_m.txtのH番号は自動検出天体と連番になるように付け替えられている.