     H000023  C2017 07 23.44861 21 18 32.21 -16 18 56.22         23.0 r      568
     H000023  C2017 07 23.46744 21 18 31.15 -16 19 02.20         22.8 r      568
     H000023  C2017 07 23.48311 21 18 30.26 -16 19 07.18         22.9 r      568
     H000023  C2017 07 23.49999 21 18 29.30 -16 19 12.54         22.9 r      568
     H000023  C2017 07 23.50941 21 18 28.77 -16 19 15.48         23.0 r      568
     H000023  C2017 07 23.53135 21 18 27.53 -16 19 22.35         22.7 r      568
     H000023  C2017 07 23.54778 21 18 26.64 -16 19 27.38         23.3 r      568
     H000023  C2017 07 23.55405 21 18 26.25 -16 19 29.47         22.8 r      568
     H000023  C2017 07 23.56347 21 18 25.72 -16 19 32.41         22.8 r      568
     H000023  C2017 07 23.57602 21 18 25.01 -16 19 36.19         23.5 r      568
     H000023  C2017 07 23.58858 21 18 24.30 -16 19 40.24         22.9 r      568
     H000023  C2017 07 23.59486 21 18 23.96 -16 19 42.19         22.9 r      568
     H000023  C2017 07 23.60114 21 18 23.60 -16 19 44.14         22.9 r      568
     H000023  C2017 07 23.61996 21 18 22.55 -16 19 49.93         22.7 r      568
     H000024  C2017 07 23.54778 21 18 18.14 -16 19 01.53         24.1 r      568
     H000024  C2017 07 23.55405 21 18 17.85 -16 19 03.12         23.9 r      568
     H000024  C2017 07 23.56347 21 18 17.42 -16 19 05.57         23.8 r      568
     H000024  C2017 07 23.57602 21 18 16.85 -16 19 08.90         23.7 r      568
     H000024  C2017 07 23.58858 21 18 16.29 -16 19 12.16         24.1 r      568
     H000024  C2017 07 23.59486 21 18 16.01 -16 19 13.71         24.1 r      568
     H000024  C2017 07 23.60114 21 18 15.69 -16 19 15.56         24.6 r      568
     
# 以下コメント
mpc4.txtからmanual_delete_list2.txtに記載の自動検出天体の情報を削除したもの.