     H000015  C2015 01 26.29696 08 36 33.25 +17 16 45.56         27.2 r      568 0 27.196 0.065 5095.13 221.89 a
     H000015  C2015 01 26.29696 08 38 28.43 +17 22 12.83         24.2 r      568 0 24.181 0.016 187.53 1201.98 a
     H000015  C2015 01 26.32533 08 36 33.25 +17 16 45.59         25.8 r      568 1 25.821 0.034 5095.04 221.99 a
     H000015  C2015 01 26.32533 08 38 28.41 +17 22 12.78         24.7 r      568 1 24.694 0.020 188.18 1201.83 a
     H000015  C2015 01 26.34985 08 36 33.25 +17 16 45.67         26.4 r      568 2 26.360 0.044 5095.13 222.23 a
     H000015  C2015 01 26.34985 08 38 28.43 +17 22 12.84         24.5 r      568 2 24.531 0.019 187.71 1202.02 a
     H000015  C2015 01 26.37706 08 36 33.25 +17 16 45.60         26.9 r      568 3 26.929 0.056 5095.01 222.01 a
     H000015  C2015 01 26.40204 08 36 33.25 +17 16 45.63         24.2 r      568 4 24.163 0.016 5095.33 222.10 a
     H000015  C2015 01 26.40204 08 38 28.43 +17 22 12.93         24.4 r      568 4 24.356 0.017 187.73 1202.29 a
     H000016  C2015 01 26.29696 08 36 39.21 +17 17 24.78         24.7 r      568 0 24.667 0.020 4841.08 338.63 a
     H000016  C2015 01 26.32533 08 36 39.21 +17 17 24.72         24.9 r      568 1 24.912 0.022 4841.32 338.47 a
     H000016  C2015 01 26.34985 08 36 39.21 +17 17 24.74         25.6 r      568 2 25.566 0.030 4841.03 338.51 a
     H000016  C2015 01 26.37706 08 36 39.21 +17 17 24.70         24.6 r      568 3 24.563 0.019 4841.11 338.40 a
     H000016  C2015 01 26.40204 08 36 39.21 +17 17 24.71         24.7 r      568 4 24.704 0.020 4841.10 338.41 a
     H000017  C2015 01 26.29696 08 37 50.83 +17 17 46.62         24.4 r      568 0 24.444 0.018 1788.18 406.32 a
     H000017  C2015 01 26.32533 08 37 50.84 +17 17 46.63         24.2 r      568 1 24.209 0.016 1788.03 406.35 a
     H000017  C2015 01 26.37706 08 37 50.83 +17 17 46.76         24.7 r      568 3 24.656 0.020 1788.44 406.74 a
     H000017  C2015 01 26.40204 08 37 50.82 +17 17 46.59         24.1 r      568 4 24.060 0.015 1788.58 406.23 a
     H000019  C2015 01 26.29696 08 37 03.95 +17 20 15.79         23.6 r      568 0 23.610 0.012 3786.92 848.03 a
     H000019  C2015 01 26.32533 08 37 03.99 +17 20 15.85         23.9 r      568 1 23.872 0.014 3785.36 848.20 a
     H000019  C2015 01 26.34985 08 37 03.97 +17 20 15.54         23.7 r      568 2 23.698 0.013 3786.02 847.28 a
     H000019  C2015 01 26.37706 08 37 03.94 +17 20 16.14         23.8 r      568 3 23.769 0.013 3787.18 849.05 a
     H000019  C2015 01 26.40204 08 37 03.97 +17 20 15.59         23.7 r      568 4 23.652 0.012 3786.07 847.42 a
     H000020  C2015 01 26.29696 08 36 37.63 +17 22 08.06         23.9 r      568 0 23.940 0.014 4908.46 1181.78 a
     H000020  C2015 01 26.32533 08 36 37.62 +17 22 07.97         23.8 r      568 1 23.837 0.014 4909.03 1181.50 a
     H000020  C2015 01 26.34985 08 36 37.63 +17 22 07.97         24.1 r      568 2 24.091 0.015 4908.53 1181.49 a
     H000020  C2015 01 26.37706 08 36 37.61 +17 22 07.84         24.1 r      568 3 24.096 0.015 4909.61 1181.11 a
     H000020  C2015 01 26.40204 08 36 37.61 +17 22 07.84         24.0 r      568 4 24.010 0.015 4909.54 1181.10 a
     H000022  C2015 01 26.29696 08 37 47.31 +17 23 43.48         23.8 r      568 0 23.812 0.014 1940.12 1468.22 a
     H000022  C2015 01 26.32533 08 37 45.80 +17 23 50.47         24.1 r      568 1 24.063 0.015 2004.59 1488.92 a
     H000022  C2015 01 26.34985 08 37 44.47 +17 23 56.59         24.0 r      568 2 23.971 0.015 2061.28 1507.07 a
     H000022  C2015 01 26.37706 08 37 43.00 +17 24 03.21         24.6 r      568 3 24.557 0.019 2123.71 1526.68 a
     H000023  C2015 01 26.29696 08 38 28.92 +17 23 52.95         23.9 r      568 0 23.884 0.014 167.33 1500.03 a
     H000023  C2015 01 26.32533 08 38 28.91 +17 23 52.90         24.3 r      568 1 24.264 0.017 167.83 1499.89 a
     H000023  C2015 01 26.34985 08 38 28.91 +17 23 52.84         24.4 r      568 2 24.377 0.018 167.83 1499.69 a
     H000023  C2015 01 26.40204 08 38 28.93 +17 23 52.89         24.4 r      568 4 24.439 0.018 167.14 1499.86 a
     H000024  C2015 01 26.29696 08 37 23.09 +17 18 47.42         24.8 r      568 0 24.793 0.021 2971.02 585.68 a
     H000024  C2015 01 26.29696 08 38 10.81 +17 24 57.01         24.7 r      568 0 24.688 0.020 939.25 1688.93 a
     H000024  C2015 01 26.32533 08 37 23.09 +17 18 47.36         24.0 r      568 1 24.005 0.015 2970.83 585.51 a
     H000024  C2015 01 26.32533 08 38 10.83 +17 24 57.03         24.6 r      568 1 24.582 0.019 938.55 1688.98 a
     H000024  C2015 01 26.34985 08 37 23.09 +17 18 47.57         24.8 r      568 2 24.758 0.021 2970.83 586.12 a
     H000024  C2015 01 26.37706 08 37 23.08 +17 18 47.31         24.0 r      568 3 24.037 0.015 2971.20 585.35 a
     H000024  C2015 01 26.37706 08 38 10.82 +17 24 57.12         24.6 r      568 3 24.603 0.019 938.97 1689.27 a
     H000024  C2015 01 26.40204 08 37 23.08 +17 18 47.55         24.6 r      568 4 24.583 0.019 2971.21 586.06 a
     H000024  C2015 01 26.40204 08 38 10.82 +17 24 56.92         24.9 r      568 4 24.932 0.022 938.72 1688.65 a
     H000026  C2015 01 26.29696 08 37 55.51 +17 26 56.75         24.2 r      568 0 24.233 0.017 1591.74 2044.04 a
     H000026  C2015 01 26.32533 08 37 55.50 +17 26 56.87         24.9 r      568 1 24.897 0.022 1592.29 2044.39 a
     H000026  C2015 01 26.37706 08 37 55.52 +17 26 56.84         25.3 r      568 3 25.344 0.027 1591.51 2044.31 a
     H000026  C2015 01 26.40204 08 37 55.49 +17 26 56.79         25.1 r      568 4 25.118 0.024 1592.47 2044.18 a
     H000027  C2015 01 26.29696 08 37 23.83 +17 27 04.97         23.7 r      568 0 23.730 0.013 2940.99 2066.58 a
     H000027  C2015 01 26.32533 08 37 21.98 +17 27 08.26         23.4 r      568 1 23.357 0.011 3019.94 2076.30 a
     H000027  C2015 01 26.34985 08 37 20.37 +17 27 11.17         23.1 r      568 2 23.131 0.010 3088.50 2084.88 a
     H000027  C2015 01 26.37706 08 37 18.57 +17 27 14.14         23.2 r      568 3 23.226 0.010 3164.86 2093.66 a
     H000027  C2015 01 26.40204 08 37 16.93 +17 27 17.01         23.8 r      568 4 23.794 0.013 3235.06 2102.11 a
     H000028  C2015 01 26.29696 08 38 15.06 +17 27 43.50         24.7 r      568 0 24.700 0.021 759.31 2184.83 a
     H000028  C2015 01 26.32533 08 38 15.06 +17 27 43.39         24.7 r      568 1 24.749 0.021 759.48 2184.51 a
     H000028  C2015 01 26.37706 08 38 15.07 +17 27 43.56         24.1 r      568 3 24.097 0.015 758.99 2185.01 a
     H000028  C2015 01 26.40204 08 38 15.06 +17 27 43.35         23.9 r      568 4 23.901 0.014 759.29 2184.39 a
     H000029  C2015 01 26.29696 08 37 43.84 +17 31 58.17         22.2 r      568 0 22.164 0.006 2090.02 2940.34 a
     H000029  C2015 01 26.32533 08 37 42.26 +17 32 00.92         22.1 r      568 1 22.136 0.006 2157.42 2948.41 a
     H000029  C2015 01 26.34985 08 37 40.87 +17 32 03.38         22.2 r      568 2 22.219 0.006 2216.43 2955.65 a
     H000029  C2015 01 26.37706 08 37 39.33 +17 32 06.00         22.3 r      568 3 22.342 0.007 2282.00 2963.35 a
     H000029  C2015 01 26.40204 08 37 37.90 +17 32 08.41         22.8 r      568 4 22.843 0.009 2343.05 2970.45 a
     H000030  C2015 01 26.29696 08 37 20.54 +17 32 41.93         24.4 r      568 0 24.419 0.018 3082.38 3069.32 a
     H000030  C2015 01 26.32533 08 37 18.91 +17 32 42.22         24.4 r      568 1 24.431 0.018 3151.38 3070.11 a
     H000030  C2015 01 26.34985 08 37 17.49 +17 32 42.58         24.3 r      568 2 24.316 0.017 3211.92 3071.13 a
     H000030  C2015 01 26.37706 08 37 15.92 +17 32 42.88         23.9 r      568 3 23.948 0.014 3278.82 3071.97 a
     H000030  C2015 01 26.40204 08 37 14.46 +17 32 43.24         24.0 r      568 4 24.000 0.015 3340.93 3072.97 a
     H000032  C2015 01 26.29696 08 37 49.01 +17 33 44.95         23.6 r      568 0 23.557 0.012 1870.75 3258.48 a
     H000032  C2015 01 26.32533 08 37 47.48 +17 33 51.00         23.4 r      568 1 23.356 0.011 1935.56 3276.41 a
     H000032  C2015 01 26.34985 08 37 46.15 +17 33 56.18         23.2 r      568 2 23.191 0.010 1992.48 3291.72 a
     H000032  C2015 01 26.37706 08 37 44.65 +17 34 02.00         23.7 r      568 3 23.736 0.013 2056.44 3308.95 a
     H000034  C2015 01 26.32533 08 38 31.91 +17 42 22.43         24.5 r      568 1 24.513 0.019 49.00 4802.00 m
     H000034  C2015 01 26.34985 08 38 30.56 +17 42 28.86         27.1 r      568 2 27.110 0.062 105.00 4822.00 m
     H000034  C2015 01 26.37706 08 38 29.05 +17 42 35.97         24.6 r      568 3 24.632 0.020 170.00 4843.00 m
     H000035  C2015 01 26.34985 08 38 22.32 +17 28 23.80         23.6 r      568 2 23.551 0.012 450.00 2304.00 m
     H000035  C2015 01 26.37706 08 38 20.54 +17 28 32.77         24.3 r      568 3 24.270 0.017 526.00 2332.00 m
     H000035  C2015 01 26.40204 08 38 18.95 +17 28 40.88         23.3 r      568 4 23.262 0.010 594.00 2356.00 m
     H000036  C2015 01 26.29696 08 38 08.21 +17 29 42.87         22.7 r      568 0 22.707 0.008 1052.00 2539.00 m
     H000036  C2015 01 26.32533 08 38 06.38 +17 29 50.48         22.6 r      568 1 22.620 0.008 1130.00 2562.00 m
     H000036  C2015 01 26.34985 08 38 04.78 +17 29 57.25         22.7 r      568 2 22.666 0.008 1198.00 2582.00 m
     H000037  C2015 01 26.32533 08 38 17.58 +17 15 32.05         23.5 r      568 1 23.544 0.012 647.00 8.00 m
     H000037  C2015 01 26.37706 08 38 14.18 +17 15 45.43         23.2 r      568 3 23.219 0.010 792.00 46.00 m
     H000037  C2015 01 26.40204 08 38 12.54 +17 15 51.52         23.2 r      568 4 23.156 0.010 861.00 64.00 m
     H000038  C2015 01 26.34985 08 38 03.78 +17 18 39.09         23.2 r      568 2 23.177 0.010 1236.00 562.00 m
     H000038  C2015 01 26.37706 08 38 02.34 +17 18 45.01         23.3 r      568 3 23.292 0.011 1298.00 580.00 m
     H000038  C2015 01 26.40204 08 38 01.06 +17 18 50.76         23.4 r      568 4 23.390 0.011 1352.00 598.00 m
     H000039  C2015 01 26.29696 08 37 43.61 +17 17 35.59         21.7 r      568 0 21.688 0.005 2096.00 372.00 m
     H000039  C2015 01 26.32533 08 37 41.77 +17 17 37.64         21.8 r      568 1 21.818 0.005 2174.00 379.00 m
     H000039  C2015 01 26.34985 08 37 40.16 +17 17 39.35         21.9 r      568 2 21.948 0.006 2243.00 384.00 m
     K06W32C  C2015 01 26.32533 08 36 43.91 +17 36 15.16         21.9 r      568 1 21.924 0.006 4641.00 3703.00 m
     K06W32C  C2015 01 26.37706 08 36 40.60 +17 36 30.63         21.9 r      568 3 21.943 0.006 4782.00 3749.00 m
     K06W32C  C2015 01 26.40204 08 36 39.02 +17 36 38.36         22.0 r      568 4 21.989 0.006 4849.00 3772.00 m
     K15AG2H  C2015 01 26.29696 08 36 46.89 +17 24 57.54         21.1 r      568 0 21.114 0.004 4514.21 1686.26 a
     K15AG2H  C2015 01 26.32533 08 36 44.83 +17 24 58.93         21.1 r      568 1 21.122 0.004 4601.96 1690.36 a
     K15AG2H  C2015 01 26.34985 08 36 43.04 +17 25 00.04         21.2 r      568 2 21.180 0.004 4678.19 1693.67 a
     K15AG2H  C2015 01 26.37706 08 36 41.04 +17 25 01.19         21.1 r      568 3 21.140 0.004 4763.19 1697.07 a
     K15AG2H  C2015 01 26.40204 08 36 39.21 +17 25 02.18         21.2 r      568 4 21.236 0.004 4841.33 1700.01 a
     K15Bx9R  C2015 01 26.29696 08 37 41.66 +17 15 32.65         22.9 r      568 0 22.875 0.009 2178.72 6.97 a
     K15Bx9R  C2015 01 26.32533 08 37 40.29 +17 15 44.20         23.8 r      568 1 23.795 0.013 2236.99 41.26 a
     K15Bx9R  C2015 01 26.34985 08 37 39.14 +17 15 52.60         21.0 r      568 2 21.023 0.004 2286.10 66.21 a
     K15Bx9R  C2015 01 26.37706 08 37 37.81 +17 16 03.10         21.0 r      568 3 21.034 0.004 2342.69 97.36 a
     K17U23O  C2015 01 26.29696 08 38 30.26 +17 36 13.57         24.3 r      568 0 24.265 0.017 115.00 3705.00 m
     K17U23O  C2015 01 26.32533 08 38 28.35 +17 36 20.86         21.1 r      568 1 21.122 0.004 197.00 3726.00 m
     K17U23O  C2015 01 26.40204 08 38 23.18 +17 36 43.22         21.1 r      568 4 21.061 0.004 418.00 3792.00 m
J9988         C2015 01 26.29696 08 36 54.31 +17 26 54.95         24.1 r      568 0 24.119 0.016 4198.23 2035.83 a
J9988         C2015 01 26.29696 08 38 17.06 +17 23 33.99         20.6 r      568 0 20.582 0.003 672.41 1442.40 a
J9988         C2015 01 26.32533 08 36 52.82 +17 27 00.49         25.3 r      568 1 25.306 0.027 4261.56 2052.28 a
J9988         C2015 01 26.32533 08 38 15.48 +17 23 39.04         20.6 r      568 1 20.559 0.003 739.91 1457.28 a
J9988         C2015 01 26.34985 08 36 51.51 +17 27 05.45         23.9 r      568 2 23.933 0.014 4317.69 2067.01 a
J9988         C2015 01 26.34985 08 38 14.11 +17 23 43.37         20.6 r      568 2 20.618 0.003 798.42 1470.05 a
J9988         C2015 01 26.37706 08 36 50.08 +17 27 10.69         24.0 r      568 3 24.029 0.015 4378.24 2082.60 a
J9988         C2015 01 26.37706 08 38 12.58 +17 23 48.16         20.6 r      568 3 20.632 0.003 863.45 1484.15 a
J9988         C2015 01 26.40204 08 36 48.75 +17 27 15.48         24.3 r      568 4 24.258 0.016 4435.07 2096.83 a
J9988         C2015 01 26.40204 08 38 11.18 +17 23 52.52         20.6 r      568 4 20.578 0.003 923.36 1497.00 a
K8914         C2015 01 26.29696 08 37 57.44 +17 33 32.86         24.7 r      568 0 24.705 0.021 1511.88 3223.12 a
K8914         C2015 01 26.29696 08 38 03.70 +17 19 03.50         20.0 r      568 0 19.969 0.002 1240.19 636.14 a
K8914         C2015 01 26.32533 08 37 55.69 +17 33 38.14         23.7 r      568 1 23.663 0.013 1586.05 3238.70 a
K8914         C2015 01 26.32533 08 38 02.27 +17 19 13.75         19.9 r      568 1 19.934 0.002 1301.33 666.53 a
K8914         C2015 01 26.34985 08 38 01.04 +17 19 22.39         19.6 r      568 2 19.563 0.002 1353.63 692.16 a
K8914         C2015 01 26.37706 08 37 52.47 +17 33 47.57         23.9 r      568 3 23.901 0.014 1723.27 3266.53 a
K8914         C2015 01 26.37706 08 37 59.67 +17 19 32.10         19.4 r      568 3 19.448 0.002 1412.21 720.93 a
K8914         C2015 01 26.40204 08 37 50.89 +17 33 52.03         23.7 r      568 4 23.694 0.013 1790.63 3279.70 a
K8914         C2015 01 26.40204 08 37 58.40 +17 19 40.95         19.4 r      568 4 19.448 0.002 1466.14 747.17 a
t9446         C2015 01 26.29696 08 37 19.26 +17 17 56.51         20.8 r      568 0 20.766 0.003 3134.00 433.00 m
t9446         C2015 01 26.32533 08 37 17.71 +17 18 04.09         20.7 r      568 1 20.715 0.003 3200.00 455.00 m
t9446         C2015 01 26.34985 08 37 16.35 +17 18 09.65         20.7 r      568 2 20.691 0.003 3258.00 473.00 m

# 以下コメント
manual_name_modify_list.txtに記載の名前付付け替えの結果を, newall_automanual.txtに適用したもの.