     H000023  C2017 07 23.44861 21 18 32.21 -16 18 56.22         23.0 r      568 0 22.955 0.129 49.35 520.61
     H000023  C2017 07 23.46744 21 18 31.15 -16 19 02.20         22.8 r      568 2 22.843 0.123 94.80 502.86
     H000023  C2017 07 23.48311 21 18 30.26 -16 19 07.18         22.9 r      568 3 22.880 0.125 132.98 488.12
     H000023  C2017 07 23.49999 21 18 29.30 -16 19 12.54         22.9 r      568 4 22.861 0.124 173.98 472.25
     H000023  C2017 07 23.50941 21 18 28.77 -16 19 15.48         23.0 r      568 5 22.952 0.129 196.69 463.54
     H000023  C2017 07 23.53135 21 18 27.53 -16 19 22.35         22.7 r      568 6 22.683 0.116 249.87 443.19
     H000023  C2017 07 23.54778 21 18 26.64 -16 19 27.38         23.3 r      568 7 23.291 0.148 288.30 428.29
     H000023  C2017 07 23.55405 21 18 26.25 -16 19 29.47         22.8 r      568 8 22.794 0.122 305.05 422.10
     H000023  C2017 07 23.56347 21 18 25.72 -16 19 32.41         22.8 r      568 9 22.809 0.123 327.78 413.38
     H000023  C2017 07 23.57602 21 18 25.01 -16 19 36.19         23.5 r      568 10 23.456 0.159 358.28 402.18
     H000023  C2017 07 23.58858 21 18 24.30 -16 19 40.24         22.9 r      568 11 22.882 0.127 388.35 390.19
     H000023  C2017 07 23.59486 21 18 23.96 -16 19 42.19         22.9 r      568 12 22.935 0.130 403.22 384.41
     H000023  C2017 07 23.60114 21 18 23.60 -16 19 44.14         22.9 r      568 13 22.887 0.128 418.47 378.62
     H000023  C2017 07 23.61996 21 18 22.55 -16 19 49.93         22.7 r      568 14 22.670 0.118 463.36 361.47
     H000024  C2017 07 23.54778 21 18 18.14 -16 19 01.53         24.1 r      568 7 24.131 0.210 652.39 505.86
     H000024  C2017 07 23.55405 21 18 17.85 -16 19 03.12         23.9 r      568 8 23.868 0.189 664.58 501.14
     H000024  C2017 07 23.56347 21 18 17.42 -16 19 05.57         23.8 r      568 9 23.842 0.187 683.08 493.88
     H000024  C2017 07 23.57602 21 18 16.85 -16 19 08.90         23.7 r      568 10 23.691 0.175 707.66 484.01
     H000024  C2017 07 23.58858 21 18 16.29 -16 19 12.16         24.1 r      568 11 24.092 0.209 731.75 474.32
     H000024  C2017 07 23.59486 21 18 16.01 -16 19 13.71         24.1 r      568 12 24.110 0.211 743.76 469.74
     H000024  C2017 07 23.60114 21 18 15.69 -16 19 15.56         24.6 r      568 13 24.602 0.262 757.25 464.27
     
# 以下コメント
newall.txtからmanual_delete_list2.txtに記載の自動検出天体の情報を削除したもの.