     H000016  C2015 01 26.29696 08 36 39.21 +17 17 24.7          24.7 r      568
     H000016  C2015 01 26.32533 08 36 39.21 +17 17 24.7          24.9 r      568
     H000016  C2015 01 26.37706 08 36 39.21 +17 17 24.7          24.6 r      568
     H000016  C2015 01 26.40204 08 36 39.21 +17 17 24.7          24.7 r      568
     H000017  C2015 01 26.29696 08 37 50.83 +17 17 46.6          24.4 r      568
     H000017  C2015 01 26.32533 08 37 50.84 +17 17 46.6          24.2 r      568
     H000017  C2015 01 26.37706 08 37 50.83 +17 17 46.7          24.7 r      568
     H000017  C2015 01 26.40204 08 37 50.82 +17 17 46.5          24.1 r      568
     H000019  C2015 01 26.29696 08 37 03.95 +17 20 15.7          23.6 r      568
     H000019  C2015 01 26.32533 08 37 03.99 +17 20 15.8          23.9 r      568
     H000019  C2015 01 26.34985 08 37 03.97 +17 20 15.5          23.7 r      568
     H000019  C2015 01 26.37706 08 37 03.94 +17 20 16.1          23.8 r      568
     H000019  C2015 01 26.40204 08 37 03.97 +17 20 15.5          23.7 r      568
     H000020  C2015 01 26.29696 08 36 37.63 +17 22 08.0          23.9 r      568
     H000020  C2015 01 26.32533 08 36 37.62 +17 22 07.9          23.8 r      568
     H000020  C2015 01 26.34985 08 36 37.63 +17 22 07.9          24.1 r      568
     H000020  C2015 01 26.37706 08 36 37.61 +17 22 07.8          24.1 r      568
     H000020  C2015 01 26.40204 08 36 37.61 +17 22 07.8          24.0 r      568
     H000022  C2015 01 26.29696 08 37 47.31 +17 23 43.4          23.8 r      568
     H000022  C2015 01 26.32533 08 37 45.80 +17 23 50.4          24.1 r      568
     H000022  C2015 01 26.34985 08 37 44.47 +17 23 56.5          24.0 r      568
     H000022  C2015 01 26.37706 08 37 43.00 +17 24 03.2          24.6 r      568
     H000023  C2015 01 26.29696 08 38 28.92 +17 23 52.9          23.9 r      568
     H000023  C2015 01 26.32533 08 38 28.91 +17 23 52.9          24.3 r      568
     H000023  C2015 01 26.34985 08 38 28.91 +17 23 52.8          24.4 r      568
     H000023  C2015 01 26.40204 08 38 28.93 +17 23 52.8          24.4 r      568
     H000026  C2015 01 26.32533 08 37 55.50 +17 26 56.8          24.9 r      568
     H000026  C2015 01 26.37706 08 37 55.52 +17 26 56.8          25.3 r      568
     H000026  C2015 01 26.40204 08 37 55.49 +17 26 56.7          25.1 r      568
     H000027  C2015 01 26.29696 08 37 23.83 +17 27 04.9          23.7 r      568
     H000027  C2015 01 26.32533 08 37 21.98 +17 27 08.2          23.4 r      568
     H000027  C2015 01 26.34985 08 37 20.37 +17 27 11.1          23.1 r      568
     H000027  C2015 01 26.37706 08 37 18.57 +17 27 14.1          23.2 r      568
     H000027  C2015 01 26.40204 08 37 16.93 +17 27 17.0          23.8 r      568
     H000028  C2015 01 26.29696 08 38 15.06 +17 27 43.5          24.7 r      568
     H000028  C2015 01 26.32533 08 38 15.06 +17 27 43.3          24.7 r      568
     H000028  C2015 01 26.37706 08 38 15.07 +17 27 43.5          24.1 r      568
     H000028  C2015 01 26.40204 08 38 15.06 +17 27 43.3          23.9 r      568
     H000029  C2015 01 26.29696 08 37 43.84 +17 31 58.1          22.2 r      568
     H000029  C2015 01 26.32533 08 37 42.26 +17 32 00.9          22.1 r      568
     H000029  C2015 01 26.34985 08 37 40.87 +17 32 03.3          22.2 r      568
     H000029  C2015 01 26.37706 08 37 39.33 +17 32 06.0          22.3 r      568
     H000029  C2015 01 26.40204 08 37 37.90 +17 32 08.4          22.8 r      568
     H000030  C2015 01 26.29696 08 37 20.54 +17 32 41.9          24.4 r      568
     H000030  C2015 01 26.32533 08 37 18.91 +17 32 42.2          24.4 r      568
     H000030  C2015 01 26.34985 08 37 17.49 +17 32 42.5          24.3 r      568
     H000030  C2015 01 26.37706 08 37 15.92 +17 32 42.8          23.9 r      568
     H000030  C2015 01 26.40204 08 37 14.46 +17 32 43.2          24.0 r      568
     H000032  C2015 01 26.29696 08 37 49.01 +17 33 44.9          23.6 r      568
     H000032  C2015 01 26.32533 08 37 47.48 +17 33 51.0          23.4 r      568
     H000032  C2015 01 26.34985 08 37 46.15 +17 33 56.1          23.2 r      568
     H000032  C2015 01 26.37706 08 37 44.65 +17 34 02.0          23.7 r      568
     H000035  C2015 01 26.34985 08 38 22.32 +17 28 23.8          23.6 r      568
     H000035  C2015 01 26.37706 08 38 20.54 +17 28 32.7          24.3 r      568
     H000035  C2015 01 26.40204 08 38 18.95 +17 28 40.8          23.3 r      568
     H000036  C2015 01 26.29696 08 38 08.21 +17 29 42.8          22.7 r      568
     H000036  C2015 01 26.32533 08 38 06.38 +17 29 50.4          22.6 r      568
     H000036  C2015 01 26.34985 08 38 04.78 +17 29 57.2          22.7 r      568
     H000037  C2015 01 26.32533 08 38 17.58 +17 15 32.0          23.5 r      568
     H000037  C2015 01 26.37706 08 38 14.18 +17 15 45.4          23.2 r      568
     H000037  C2015 01 26.40204 08 38 12.54 +17 15 51.5          23.2 r      568
     H000038  C2015 01 26.34985 08 38 03.78 +17 18 39.0          23.2 r      568
     H000038  C2015 01 26.37706 08 38 02.34 +17 18 45.0          23.3 r      568
     H000038  C2015 01 26.40204 08 38 01.06 +17 18 50.7          23.4 r      568
     H000039  C2015 01 26.29696 08 37 43.61 +17 17 35.5          21.7 r      568
     H000039  C2015 01 26.32533 08 37 41.77 +17 17 37.6          21.8 r      568
     H000039  C2015 01 26.34985 08 37 40.16 +17 17 39.3          21.9 r      568
     K06W32C  C2015 01 26.32533 08 36 43.91 +17 36 15.1          21.9 r      568
     K06W32C  C2015 01 26.37706 08 36 40.60 +17 36 30.6          21.9 r      568
     K06W32C  C2015 01 26.40204 08 36 39.02 +17 36 38.3          22.0 r      568
     K15AG2H  C2015 01 26.29696 08 36 46.89 +17 24 57.5          21.1 r      568
     K15AG2H  C2015 01 26.32533 08 36 44.83 +17 24 58.9          21.1 r      568
     K15AG2H  C2015 01 26.34985 08 36 43.04 +17 25 00.0          21.2 r      568
     K15AG2H  C2015 01 26.37706 08 36 41.04 +17 25 01.1          21.1 r      568
     K15AG2H  C2015 01 26.40204 08 36 39.21 +17 25 02.1          21.2 r      568
K8914         C2015 01 26.29696 08 38 03.70 +17 19 03.5          20.0 r      568
K8914         C2015 01 26.32533 08 38 02.27 +17 19 13.7          19.9 r      568
K8914         C2015 01 26.34985 08 38 01.04 +17 19 22.3          19.6 r      568
K8914         C2015 01 26.37706 08 37 59.67 +17 19 32.1          19.4 r      568
K8914         C2015 01 26.40204 08 37 58.40 +17 19 40.9          19.4 r      568
t9446         C2015 01 26.29696 08 37 19.26 +17 17 56.5          20.8 r      568
t9446         C2015 01 26.32533 08 37 17.71 +17 18 04.0          20.7 r      568
t9446         C2015 01 26.34985 08 37 16.35 +17 18 09.6          20.7 r      568

# 以下コメント
result.txtから残差0.7以上のデータ点を削除し, MPCフォーマットに再整形したもの.
15等級以上になりうる明るい既知天体も削除されている.