H000023 0 49.35 520.61
H000023 2 94.80 502.86
H000023 3 132.98 488.12
H000023 4 173.98 472.25
H000023 5 196.69 463.54
H000023 6 249.87 443.19
H000023 7 288.30 428.29
H000023 8 305.05 422.10
H000023 9 327.78 413.38
H000023 10 358.28 402.18
H000023 11 388.35 390.19
H000023 12 403.22 384.41
H000023 13 418.47 378.62
H000023 14 463.36 361.47
H000024 7 652.39 505.86
H000024 8 664.58 501.14
H000024 9 683.08 493.88
H000024 10 707.66 484.01
H000024 11 731.75 474.32
H000024 12 743.76 469.74
H000024 13 757.25 464.27

# 以下コメント
redisp.txtからmanual_delete_list2.txtに記載の自動検出天体の情報を削除したもの.