     H000015  C2015 01 26.29696 08 38 28.43 +17 22 12.83         24.2 r      568 |     -0.19     -0.19
     H000015  C2015 01 26.32533 08 38 28.41 +17 22 12.78         24.7 r      568 |     00.00     00.00
     H000015  C2015 01 26.34985 08 38 28.43 +17 22 12.84         24.5 r      568 |     +1.10     +0.39
     H000015  C2015 01 26.40204 08 36 33.25 +17 16 45.63         24.2 r      568 |  -1646.00   -326.00
     H000015  C2015 01 26.40204 08 38 28.43 +17 22 12.93         24.4 r      568 |     +3.70     +1.60
     H000016  C2015 01 26.29696 08 36 39.21 +17 17 24.78         24.7 r      568 |     +0.27     +0.13
     H000016  C2015 01 26.32533 08 36 39.21 +17 17 24.72         24.9 r      568 |     -0.32     -0.14
     H000016  C2015 01 26.37706 08 36 39.21 +17 17 24.70         24.6 r      568 |     -0.21     -0.13
     H000016  C2015 01 26.40204 08 36 39.21 +17 17 24.71         24.7 r      568 |     +0.23     +0.13
     H000017  C2015 01 26.29696 08 37 50.83 +17 17 46.62         24.4 r      568 |     +0.20     +0.08
     H000017  C2015 01 26.32533 08 37 50.84 +17 17 46.63         24.2 r      568 |     -0.21     -0.14
     H000017  C2015 01 26.37706 08 37 50.83 +17 17 46.76         24.7 r      568 |     -0.17     -0.01
     H000017  C2015 01 26.40204 08 37 50.82 +17 17 46.59         24.1 r      568 |     +0.18     +0.04
     H000019  C2015 01 26.29696 08 37 03.95 +17 20 15.79         23.6 r      568 |     +0.16     +0.09
     H000019  C2015 01 26.32533 08 37 03.99 +17 20 15.85         23.9 r      568 |     +0.14     -0.03
     H000019  C2015 01 26.34985 08 37 03.97 +17 20 15.54         23.7 r      568 |     -0.26     -0.36
     H000019  C2015 01 26.37706 08 37 03.94 +17 20 16.14         23.8 r      568 |     -0.46     +0.37
     H000019  C2015 01 26.40204 08 37 03.97 +17 20 15.59         23.7 r      568 |     +0.42     +0.10
     H000020  C2015 01 26.29696 08 36 37.63 +17 22 08.06         23.9 r      568 |     +0.34     +0.13
     H000020  C2015 01 26.32533 08 36 37.62 +17 22 07.97         23.8 r      568 |     -0.32     -0.12
     H000020  C2015 01 26.34985 08 36 37.63 +17 22 07.97         24.1 r      568 |     -0.22     -0.13
     H000020  C2015 01 26.37706 08 36 37.61 +17 22 07.84         24.1 r      568 |     -0.20     -0.11
     H000020  C2015 01 26.40204 08 36 37.61 +17 22 07.84         24.0 r      568 |     +0.31     +0.18
     H000022  C2015 01 26.29696 08 37 47.31 +17 23 43.48         23.8 r      568 |     -0.06     00.00
     H000022  C2015 01 26.32533 08 37 45.80 +17 23 50.47         24.1 r      568 |     +0.11     -0.03
     H000022  C2015 01 26.34985 08 37 44.47 +17 23 56.59         24.0 r      568 |     -0.03     +0.04
     H000022  C2015 01 26.37706 08 37 43.00 +17 24 03.21         24.6 r      568 |     -0.02     -0.02
     H000023  C2015 01 26.29696 08 38 28.92 +17 23 52.95         23.9 r      568 |     +0.43     +0.23
     H000023  C2015 01 26.32533 08 38 28.91 +17 23 52.90         24.3 r      568 |     -0.39     -0.03
     H000023  C2015 01 26.34985 08 38 28.91 +17 23 52.84         24.4 r      568 |     -0.58     -0.14
     H000023  C2015 01 26.40204 08 38 28.93 +17 23 52.89         24.4 r      568 |     +0.23     +0.26
     H000024  C2015 01 26.29696 08 37 23.09 +17 18 47.42         24.8 r      568 |     -0.01     00.00
     H000024  C2015 01 26.29696 08 38 10.81 +17 24 57.01         24.7 r      568 |   +401.00   +212.00
     H000024  C2015 01 26.32533 08 37 23.09 +17 18 47.36         24.0 r      568 |   -302.00   -166.00
     H000024  C2015 01 26.32533 08 38 10.83 +17 24 57.03         24.6 r      568 |   +381.00   +204.00
     H000024  C2015 01 26.34985 08 37 23.09 +17 18 47.57         24.8 r      568 |    -18.80    -10.20
     H000024  C2015 01 26.37706 08 37 23.08 +17 18 47.31         24.0 r      568 |   -197.00   -107.00
     H000024  C2015 01 26.37706 08 38 10.82 +17 24 57.12         24.6 r      568 |   +487.00   +263.00
     H000024  C2015 01 26.40204 08 37 23.08 +17 18 47.55         24.6 r      568 |   -486.00   -263.00
     H000024  C2015 01 26.40204 08 38 10.82 +17 24 56.92         24.9 r      568 |   +197.00   +106.00
     H000026  C2015 01 26.32533 08 37 55.50 +17 26 56.87         24.9 r      568 |     -0.03     +0.04
     H000026  C2015 01 26.37706 08 37 55.52 +17 26 56.84         25.3 r      568 |     +0.07     -0.08
     H000026  C2015 01 26.40204 08 37 55.49 +17 26 56.79         25.1 r      568 |     -0.05     +0.05
     H000027  C2015 01 26.29696 08 37 23.83 +17 27 04.97         23.7 r      568 |     -0.01     00.00
     H000027  C2015 01 26.32533 08 37 21.98 +17 27 08.26         23.4 r      568 |     +0.03     -0.02
     H000027  C2015 01 26.34985 08 37 20.37 +17 27 11.17         23.1 r      568 |     +0.02     +0.07
     H000027  C2015 01 26.37706 08 37 18.57 +17 27 14.14         23.2 r      568 |     -0.09     -0.06
     H000027  C2015 01 26.40204 08 37 16.93 +17 27 17.01         23.8 r      568 |     +0.05     +0.02
     H000028  C2015 01 26.29696 08 38 15.06 +17 27 43.50         24.7 r      568 |     +0.27     +0.13
     H000028  C2015 01 26.32533 08 38 15.06 +17 27 43.39         24.7 r      568 |     -0.34     -0.19
     H000028  C2015 01 26.37706 08 38 15.07 +17 27 43.56         24.1 r      568 |     -0.12     +0.01
     H000028  C2015 01 26.40204 08 38 15.06 +17 27 43.35         23.9 r      568 |     +0.17     +0.04
     H000029  C2015 01 26.29696 08 37 43.84 +17 31 58.17         22.2 r      568 |     -0.12     +0.02
     H000029  C2015 01 26.32533 08 37 42.26 +17 32 00.92         22.1 r      568 |     +0.11     -0.04
     H000029  C2015 01 26.34985 08 37 40.87 +17 32 03.38         22.2 r      568 |     +0.04     +0.01
     H000029  C2015 01 26.37706 08 37 39.33 +17 32 06.00         22.3 r      568 |     +0.06     -0.01
     H000029  C2015 01 26.40204 08 37 37.90 +17 32 08.41         22.8 r      568 |     -0.10     +0.01
     H000030  C2015 01 26.29696 08 37 20.54 +17 32 41.93         24.4 r      568 |     -0.02     +0.06
     H000030  C2015 01 26.32533 08 37 18.91 +17 32 42.22         24.4 r      568 |     +0.02     -0.05
     H000030  C2015 01 26.34985 08 37 17.49 +17 32 42.58         24.3 r      568 |     -0.03     -0.02
     H000030  C2015 01 26.37706 08 37 15.92 +17 32 42.88         23.9 r      568 |     +0.08     -0.04
     H000030  C2015 01 26.40204 08 37 14.46 +17 32 43.24         24.0 r      568 |     -0.05     +0.05
     H000032  C2015 01 26.29696 08 37 49.01 +17 33 44.95         23.6 r      568 |     -0.07     +0.01
     H000032  C2015 01 26.32533 08 37 47.48 +17 33 51.00         23.4 r      568 |     +0.05     00.00
     H000032  C2015 01 26.34985 08 37 46.15 +17 33 56.18         23.2 r      568 |     +0.11     -0.04
     H000032  C2015 01 26.37706 08 37 44.65 +17 34 02.00         23.7 r      568 |     -0.09     +0.02
     H000035  C2015 01 26.34985 08 38 22.32 +17 28 23.80         23.6 r      568 |     +0.12     -0.01
     H000035  C2015 01 26.37706 08 38 20.54 +17 28 32.77         24.3 r      568 |     -0.24     +0.03
     H000035  C2015 01 26.40204 08 38 18.95 +17 28 40.88         23.3 r      568 |     +0.13     -0.01
     H000036  C2015 01 26.29696 08 38 08.21 +17 29 42.87         22.7 r      568 |     -0.03     +0.04
     H000036  C2015 01 26.32533 08 38 06.38 +17 29 50.48         22.6 r      568 |     +0.06     -0.08
     H000036  C2015 01 26.34985 08 38 04.78 +17 29 57.25         22.7 r      568 |     -0.03     +0.04
     H000037  C2015 01 26.32533 08 38 17.58 +17 15 32.05         23.5 r      568 |     +0.02     -0.04
     H000037  C2015 01 26.37706 08 38 14.18 +17 15 45.43         23.2 r      568 |     -0.06     +0.14
     H000037  C2015 01 26.40204 08 38 12.54 +17 15 51.52         23.2 r      568 |     +0.04     -0.09
     H000038  C2015 01 26.34985 08 38 03.78 +17 18 39.09         23.2 r      568 |     +0.11     +0.06
     H000038  C2015 01 26.37706 08 38 02.34 +17 18 45.01         23.3 r      568 |     -0.22     -0.12
     H000038  C2015 01 26.40204 08 38 01.06 +17 18 50.76         23.4 r      568 |     +0.12     +0.06
     H000039  C2015 01 26.29696 08 37 43.61 +17 17 35.59         21.7 r      568 |     -0.03     00.00
     H000039  C2015 01 26.32533 08 37 41.77 +17 17 37.64         21.8 r      568 |     +0.06     +0.01
     H000039  C2015 01 26.34985 08 37 40.16 +17 17 39.35         21.9 r      568 |     -0.03     -0.01
     K06W32C  C2015 01 26.32533 08 36 43.91 +17 36 15.16         21.9 r      568 |     +0.05     +0.04
     K06W32C  C2015 01 26.37706 08 36 40.60 +17 36 30.63         21.9 r      568 |     -0.16     -0.14
     K06W32C  C2015 01 26.40204 08 36 39.02 +17 36 38.36         22.0 r      568 |     +0.11     +0.09
     K15AG2H  C2015 01 26.29696 08 36 46.89 +17 24 57.54         21.1 r      568 |     -0.01     -0.04
     K15AG2H  C2015 01 26.32533 08 36 44.83 +17 24 58.93         21.1 r      568 |     +0.02     +0.03
     K15AG2H  C2015 01 26.34985 08 36 43.04 +17 25 00.04         21.2 r      568 |     +0.03     +0.04
     K15AG2H  C2015 01 26.37706 08 36 41.04 +17 25 01.19         21.1 r      568 |     -0.06     +0.01
     K15AG2H  C2015 01 26.40204 08 36 39.21 +17 25 02.18         21.2 r      568 |     +0.02     -0.03
K8914         C2015 01 26.29696 08 38 03.70 +17 19 03.50         20.0 r      568 |     +0.03     -0.04
K8914         C2015 01 26.32533 08 38 02.27 +17 19 13.75         19.9 r      568 |     -0.06     +0.07
K8914         C2015 01 26.34985 08 38 01.04 +17 19 22.39         19.6 r      568 |     00.00     -0.03
K8914         C2015 01 26.37706 08 37 59.67 +17 19 32.10         19.4 r      568 |     +0.06     00.00
K8914         C2015 01 26.40204 08 37 58.40 +17 19 40.95         19.4 r      568 |     -0.03     -0.01
t9446         C2015 01 26.29696 08 37 19.26 +17 17 56.51         20.8 r      568 |     -0.04     -0.16
t9446         C2015 01 26.32533 08 37 17.71 +17 18 04.09         20.7 r      568 |     +0.08     +0.35
t9446         C2015 01 26.34985 08 37 16.35 +17 18 09.65         20.7 r      568 |     -0.04     -0.19

# 以下コメント
mpc7.txtの内容をfindorbにかけた結果取得できる残差を追記したもの.
mpc7.txtの行末に X方向の残差 Y方向の残差 が追加されている.