414 2457957.791644444 298.39784 -22.45888 14.748
820 2457957.791644444 299.51063 -20.67135 14.488
996 2457957.791644444 299.6513 -21.36314 16.087
1112 2457957.791644444 300.78553 -21.34473 14.022
1999AU12 2457957.791644444 298.49778 -20.47935 21.934
1999BV35 2457957.791644444 299.11662 -20.59654 21.291
1999TT16 2457957.791644444 298.48653 -22.28921 24.778
2000SC385 2457957.791644444 299.80692 -19.55626 22.144
2001QU313 2457957.791644444 299.19897 -21.63546 22.579
2002RW195 2457957.791644444 298.65208 -18.9166 20.655
2002TO361 2457957.791644444 300.41461 -19.61744 22.132
2003QD82 2457957.791644444 297.76447 -21.11198 22.269
2003QX83 2457957.791644444 294.78727 -20.7994 22.436
2003SD438 2457957.791644444 298.09667 -19.67404 21.111
2003ST368 2457957.791644444 300.63262 -19.94172 21.345
2003UD416 2457957.791644444 299.19969 -21.67784 20.768
2003WY213 2457957.791644444 297.71307 -18.81523 21.815

# 以下コメント
numbered_new2B.txtとkarifugo_new2B.txtに多少の操作を加えてマージしたもの.