K8914         C2015 01 26.29696 08 38 03.70 +17 19 03.50         20.0 r      568 0 19.969 0.002 1240.19 636.14 a
K8914         C2015 01 26.32533 08 38 02.27 +17 19 13.75         19.9 r      568 1 19.934 0.002 1301.33 666.53 a
K8914         C2015 01 26.34985 08 38 01.04 +17 19 22.39         19.6 r      568 2 19.563 0.002 1353.63 692.16 a
K8914         C2015 01 26.37706 08 37 59.67 +17 19 32.10         19.4 r      568 3 19.448 0.002 1412.21 720.93 a
K8914         C2015 01 26.40204 08 37 58.40 +17 19 40.95         19.4 r      568 4 19.448 0.002 1466.14 747.17 a
J9988         C2015 01 26.29696 08 38 17.06 +17 23 33.99         20.6 r      568 0 20.582 0.003 672.41 1442.40 a
J9988         C2015 01 26.32533 08 38 15.48 +17 23 39.04         20.6 r      568 1 20.559 0.003 739.91 1457.28 a
J9988         C2015 01 26.34985 08 38 14.11 +17 23 43.37         20.6 r      568 2 20.618 0.003 798.42 1470.05 a
J9988         C2015 01 26.37706 08 38 12.58 +17 23 48.16         20.6 r      568 3 20.632 0.003 863.45 1484.15 a
J9988         C2015 01 26.40204 08 38 11.18 +17 23 52.52         20.6 r      568 4 20.578 0.003 923.36 1497.00 a
     K15Bx9R  C2015 01 26.29696 08 37 41.66 +17 15 32.65         22.9 r      568 0 22.875 0.009 2178.72 6.97 a
     K15Bx9R  C2015 01 26.32533 08 37 40.29 +17 15 44.20         23.8 r      568 1 23.795 0.013 2236.99 41.26 a
     K15Bx9R  C2015 01 26.34985 08 37 39.14 +17 15 52.60         21.0 r      568 2 21.023 0.004 2286.10 66.21 a
     K15Bx9R  C2015 01 26.37706 08 37 37.81 +17 16 03.10         21.0 r      568 3 21.034 0.004 2342.69 97.36 a
     K15AG2H  C2015 01 26.29696 08 36 46.89 +17 24 57.54         21.1 r      568 0 21.114 0.004 4514.21 1686.26 a
     K15AG2H  C2015 01 26.32533 08 36 44.83 +17 24 58.93         21.1 r      568 1 21.122 0.004 4601.96 1690.36 a
     K15AG2H  C2015 01 26.34985 08 36 43.04 +17 25 00.04         21.2 r      568 2 21.180 0.004 4678.19 1693.67 a
     K15AG2H  C2015 01 26.37706 08 36 41.04 +17 25 01.19         21.1 r      568 3 21.140 0.004 4763.19 1697.07 a
     K15AG2H  C2015 01 26.40204 08 36 39.21 +17 25 02.18         21.2 r      568 4 21.236 0.004 4841.33 1700.01 a
     H000001  C2015 01 26.29696 08 37 57.60 +17 15 32.39         24.8 r      568 0 24.803 0.022 1498.82 7.32 a
     H000001  C2015 01 26.32533 08 37 57.58 +17 15 32.30         25.6 r      568 1 25.613 0.031 1499.80 7.04 a
     H000001  C2015 01 26.34985 08 37 57.60 +17 15 32.25         25.1 r      568 2 25.073 0.024 1498.91 6.88 a
     H000001  C2015 01 26.40204 08 37 57.59 +17 15 32.33         23.8 r      568 4 23.796 0.013 1499.21 7.11 a
     H000002  C2015 01 26.29696 08 36 39.96 +17 15 47.42         24.5 r      568 0 24.523 0.019 4809.13 48.85 a
     H000002  C2015 01 26.32533 08 36 39.96 +17 15 47.41         24.3 r      568 1 24.276 0.017 4809.16 48.83 a
     H000002  C2015 01 26.34985 08 36 39.96 +17 15 47.38         24.0 r      568 2 24.011 0.015 4809.09 48.74 a
     H000002  C2015 01 26.37706 08 36 39.95 +17 15 47.43         24.6 r      568 3 24.569 0.019 4809.35 48.90 a
     H000002  C2015 01 26.40204 08 36 39.96 +17 15 47.46         24.7 r      568 4 24.695 0.020 4809.29 48.97 a

# 以下コメント
numbered_all.txt, karifugo_all.txt, unknown_all.txtを連結したもの.