K8914        0 1240.19 636.14
K8914        1 1301.33 666.53
K8914        2 1353.63 692.16
K8914        3 1412.21 720.93
K8914        4 1466.14 747.17
J9988        0 672.41 1442.40
J9988        1 739.91 1457.28
J9988        2 798.42 1470.05
J9988        3 863.45 1484.15
J9988        4 923.36 1497.00
     K15Bx9R 0 2178.72 6.97
     K15Bx9R 1 2236.99 41.26
     K15Bx9R 2 2286.10 66.21
     K15Bx9R 3 2342.69 97.36
     K15AG2H 0 4514.21 1686.26
     K15AG2H 1 4601.96 1690.36
     K15AG2H 2 4678.19 1693.67
     K15AG2H 3 4763.19 1697.07
     K15AG2H 4 4841.33 1700.01
     H000001 0 1498.82 7.32
     H000001 1 1499.80 7.04
     H000001 2 1498.91 6.88
     H000001 4 1499.21 7.11
     H000002 0 4809.13 48.85
     H000002 1 4809.16 48.83
     H000002 2 4809.09 48.74
     H000002 3 4809.35 48.90
     H000002 4 4809.29 48.97

#以下コメント
numbered_disp.txt, karifugo_disp.txt, unknown_disp.txtを連結したもの.