---karifugo_all.txt----------------------------------------------------------------------------------------------
     K15Bx9R  C2015 01 26.29696 08 37 41.66 +17 15 32.65         22.9 r      568 0 22.875 0.009 2178.72 6.97
     K15Bx9R  C2015 01 26.32533 08 37 40.29 +17 15 44.20         23.8 r      568 1 23.795 0.013 2236.99 41.26
     K15Bx9R  C2015 01 26.34985 08 37 39.14 +17 15 52.60         21.0 r      568 2 21.023 0.004 2286.10 66.21
     K15Bx9R  C2015 01 26.37706 08 37 37.81 +17 16 03.10         21.0 r      568 3 21.034 0.004 2342.69 97.36
     K15AG2H  C2015 01 26.29696 08 36 46.89 +17 24 57.54         21.1 r      568 0 21.114 0.004 4514.21 1686.26
     K15AG2H  C2015 01 26.32533 08 36 44.83 +17 24 58.93         21.1 r      568 1 21.122 0.004 4601.96 1690.36
     K15AG2H  C2015 01 26.34985 08 36 43.04 +17 25 00.04         21.2 r      568 2 21.180 0.004 4678.19 1693.67
     K15AG2H  C2015 01 26.37706 08 36 41.04 +17 25 01.19         21.1 r      568 3 21.140 0.004 4763.19 1697.07
     K15AG2H  C2015 01 26.40204 08 36 39.21 +17 25 02.18         21.2 r      568 4 21.236 0.004 4841.33 1700.01

# 以下コメント
match.txtに記載の仮符号小惑星の情報のみ, MPC 80カラムフォーマットに変換したもの.
all.txt系はさらに画像番号 詳細等級 等級誤差 Xpixel Ypixel も持つ.
書式: MPC80カラムフォーマット 画像番号 詳細等級 等級誤差 Xpixel Ypixel
-----------------------------------------------------------------------------------------------------------------

---karifugo_mpc.txt----------------------------------------------------------------------------------------------
     K15Bx9R  C2015 01 26.29696 08 37 41.66 +17 15 32.65         22.9 r      568
     K15Bx9R  C2015 01 26.32533 08 37 40.29 +17 15 44.20         23.8 r      568
     K15Bx9R  C2015 01 26.34985 08 37 39.14 +17 15 52.60         21.0 r      568
     K15Bx9R  C2015 01 26.37706 08 37 37.81 +17 16 03.10         21.0 r      568
     K15AG2H  C2015 01 26.29696 08 36 46.89 +17 24 57.54         21.1 r      568
     K15AG2H  C2015 01 26.32533 08 36 44.83 +17 24 58.93         21.1 r      568
     K15AG2H  C2015 01 26.34985 08 36 43.04 +17 25 00.04         21.2 r      568
     K15AG2H  C2015 01 26.37706 08 36 41.04 +17 25 01.19         21.1 r      568
     K15AG2H  C2015 01 26.40204 08 36 39.21 +17 25 02.18         21.2 r      568

#以下コメント
上のkarifugo_all.txtと情報は同じだが, MPC 80カラムフォーマットの部分のみ持つ.
-----------------------------------------------------------------------------------------------------------------

---karifugo_disp.txt----------------------------------------------------------------------------------------------
     K15Bx9R 0 2178.72 6.97
     K15Bx9R 1 2236.99 41.26
     K15Bx9R 2 2286.10 66.21
     K15Bx9R 3 2342.69 97.36
     K15AG2H 0 4514.21 1686.26
     K15AG2H 1 4601.96 1690.36
     K15AG2H 2 4678.19 1693.67
     K15AG2H 3 4763.19 1697.07
     K15AG2H 4 4841.33 1700.01

#以下コメント
上のkarifugo_all.txtと情報は同じだが, MPCフォーマットの天体名 画像番号 Xpixel Ypixelだけを持つ.
-----------------------------------------------------------------------------------------------------------------