2015BR599 2457048.796955385 129.4235699 17.2590694 22.875 0.009 2178.72 6.97 r 0
2015BR599 2457048.825325683 129.4178803 17.2622775 23.795 0.013 2236.99 41.26 r 1
2015BR599 2457048.849849903 129.4130848 17.2646123 21.023 0.004 2286.10 66.21 r 2
2015BR599 2457048.877063905 129.4075578 17.2675265 21.034 0.004 2342.69 97.36 r 3
208914 2457048.796955385 129.5154126 17.3176387 19.969 0.002 1240.19 636.14 r 0
208914 2457048.825325683 129.5094410 17.3204862 19.934 0.002 1301.33 666.53 r 1
208914 2457048.849849903 129.5043329 17.3228872 19.563 0.002 1353.63 692.16 r 2
208914 2457048.877063905 129.4986118 17.3255829 19.448 0.002 1412.21 720.93 r 3
208914 2457048.902035332 129.4933439 17.3280408 19.448 0.002 1466.14 747.17 r 4
199988 2457048.796955385 129.5710969 17.3927749 20.582 0.003 672.41 1442.40 r 0
199988 2457048.825325683 129.5644983 17.3941773 20.559 0.003 739.91 1457.28 r 1
199988 2457048.849849903 129.5587789 17.3953810 20.618 0.003 798.42 1470.05 r 2
199988 2457048.877063905 129.5524216 17.3967100 20.632 0.003 863.45 1484.15 r 3
199988 2457048.902035332 129.5465657 17.3979211 20.578 0.003 923.36 1497.00 r 4
2015AH162 2457048.796955385 129.1953689 17.4159835 21.114 0.004 4514.21 1686.26 r 0
2015AH162 2457048.825325683 129.1867852 17.4163686 21.122 0.004 4601.96 1690.36 r 1
2015AH162 2457048.849849903 129.1793291 17.4166786 21.180 0.004 4678.19 1693.67 r 2
2015AH162 2457048.877063905 129.1710142 17.4169973 21.140 0.004 4763.19 1697.07 r 3
2015AH162 2457048.902035332 129.1633713 17.4172726 21.236 0.004 4841.33 1700.01 r 4

# 以下コメント
listb2.txtに記載の移動天体候補位置のうち, search_astB.txtに記載の既知天体の位置とマッチした点の情報.
書式: 確定番号or仮符号 jd ra[degree] dec[degree] 等級 等級誤差 Xpixel Ypixel フィルター 画像番号