K8914         C2015 01 26.29696 08 38 03.70 +17 19 03.50         20.0 r      568
K8914         C2015 01 26.32533 08 38 02.27 +17 19 13.75         19.9 r      568
K8914         C2015 01 26.34985 08 38 01.04 +17 19 22.39         19.6 r      568
K8914         C2015 01 26.37706 08 37 59.67 +17 19 32.10         19.4 r      568
K8914         C2015 01 26.40204 08 37 58.40 +17 19 40.95         19.4 r      568
J9988         C2015 01 26.29696 08 38 17.06 +17 23 33.99         20.6 r      568
J9988         C2015 01 26.32533 08 38 15.48 +17 23 39.04         20.6 r      568
J9988         C2015 01 26.34985 08 38 14.11 +17 23 43.37         20.6 r      568
J9988         C2015 01 26.37706 08 38 12.58 +17 23 48.16         20.6 r      568
J9988         C2015 01 26.40204 08 38 11.18 +17 23 52.52         20.6 r      568
     K15Bx9R  C2015 01 26.29696 08 37 41.66 +17 15 32.65         22.9 r      568
     K15Bx9R  C2015 01 26.32533 08 37 40.29 +17 15 44.20         23.8 r      568
     K15Bx9R  C2015 01 26.34985 08 37 39.14 +17 15 52.60         21.0 r      568
     K15Bx9R  C2015 01 26.37706 08 37 37.81 +17 16 03.10         21.0 r      568
     K15AG2H  C2015 01 26.29696 08 36 46.89 +17 24 57.54         21.1 r      568
     K15AG2H  C2015 01 26.32533 08 36 44.83 +17 24 58.93         21.1 r      568
     K15AG2H  C2015 01 26.34985 08 36 43.04 +17 25 00.04         21.2 r      568
     K15AG2H  C2015 01 26.37706 08 36 41.04 +17 25 01.19         21.1 r      568
     K15AG2H  C2015 01 26.40204 08 36 39.21 +17 25 02.18         21.2 r      568
     H000001  C2015 01 26.29696 08 37 57.60 +17 15 32.39         24.8 r      568
     H000001  C2015 01 26.32533 08 37 57.58 +17 15 32.30         25.6 r      568
     H000001  C2015 01 26.34985 08 37 57.60 +17 15 32.25         25.1 r      568
     H000001  C2015 01 26.40204 08 37 57.59 +17 15 32.33         23.8 r      568
     H000002  C2015 01 26.29696 08 36 39.96 +17 15 47.42         24.5 r      568
     H000002  C2015 01 26.32533 08 36 39.96 +17 15 47.41         24.3 r      568
     H000002  C2015 01 26.34985 08 36 39.96 +17 15 47.38         24.0 r      568
     H000002  C2015 01 26.37706 08 36 39.95 +17 15 47.43         24.6 r      568
     H000002  C2015 01 26.40204 08 36 39.96 +17 15 47.46         24.7 r      568

#以下コメント
numbered_mpc.txt, karifugo_mpc.txt, unknown_mpc.txtを連結したもの.