1 2457048.796955385 129.4900156 17.2589985 24.803 0.022 1498.82 7.32 r 0
1 2457048.825325683 129.4899200 17.2589726 25.613 0.031 1499.80 7.04 r 1
1 2457048.849849903 129.4900067 17.2589576 25.073 0.024 1498.91 6.88 r 2
1 2457048.902035332 129.4899771 17.2589793 23.796 0.013 1499.21 7.11 r 4
2 2457048.796955385 129.1665011 17.2631712 24.523 0.019 4809.13 48.85 r 0
2 2457048.825325683 129.1664977 17.2631691 24.276 0.017 4809.16 48.83 r 1
2 2457048.849849903 129.1665043 17.2631614 24.011 0.015 4809.09 48.74 r 2
2 2457048.877063905 129.1664788 17.2631761 24.569 0.019 4809.35 48.90 r 3
2 2457048.902035332 129.1664853 17.2631823 24.695 0.020 4809.29 48.97 r 4
3 2457048.796955385 129.4697532 17.2659847 23.874 0.014 1706.28 81.81 r 0
3 2457048.825325683 129.4631454 17.2664865 23.764 0.013 1773.90 87.08 r 1
3 2457048.877063905 129.4509958 17.2677527 23.249 0.010 1898.24 100.44 r 3
3 2457048.902035332 129.4452101 17.2678595 32.922 0.886 1957.44 101.49 r 4
4 2457048.796955385 129.2148119 17.2669371 24.082 0.015 4314.83 89.32 r 0
4 2457048.825325683 129.2148426 17.2669545 24.818 0.022 4314.51 89.51 r 1
4 2457048.849849903 129.2147961 17.2670156 24.751 0.021 4314.99 90.16 r 2
4 2457048.902035332 129.2148337 17.2669313 24.549 0.019 4314.60 89.26 r 4
5 2457048.796955385 129.1387027 17.2715520 24.251 0.017 5093.56 138.64 r 0
5 2457048.825325683 129.1387230 17.2715722 24.338 0.017 5093.35 138.85 r 1
5 2457048.849849903 129.1387053 17.2715938 24.112 0.015 5093.53 139.08 r 2
5 2457048.877063905 129.1386915 17.2715588 24.255 0.016 5093.67 138.71 r 3
5 2457048.902035332 129.1387297 17.2715457 23.347 0.011 5093.28 138.57 r 4

# 以下コメント
listb2.txtの移動天体候補のうち, search_astB.txtに記載の既知天体位置とマッチしなかった点の情報.
書式はlistb2.txtと同じ