---numbered_all.txt----------------------------------------------------------------------------------------------
K8914         C2015 01 26.29696 08 38 03.70 +17 19 03.50         20.0 r      568 0 19.969 0.002 1240.19 636.14 a
K8914         C2015 01 26.32533 08 38 02.27 +17 19 13.75         19.9 r      568 1 19.934 0.002 1301.33 666.53 a
K8914         C2015 01 26.34985 08 38 01.04 +17 19 22.39         19.6 r      568 2 19.563 0.002 1353.63 692.16 a
K8914         C2015 01 26.37706 08 37 59.67 +17 19 32.10         19.4 r      568 3 19.448 0.002 1412.21 720.93 a
K8914         C2015 01 26.40204 08 37 58.40 +17 19 40.95         19.4 r      568 4 19.448 0.002 1466.14 747.17 a
J9988         C2015 01 26.29696 08 38 17.06 +17 23 33.99         20.6 r      568 0 20.582 0.003 672.41 1442.40 a
J9988         C2015 01 26.32533 08 38 15.48 +17 23 39.04         20.6 r      568 1 20.559 0.003 739.91 1457.28 a
J9988         C2015 01 26.34985 08 38 14.11 +17 23 43.37         20.6 r      568 2 20.618 0.003 798.42 1470.05 a
J9988         C2015 01 26.37706 08 38 12.58 +17 23 48.16         20.6 r      568 3 20.632 0.003 863.45 1484.15 a
J9988         C2015 01 26.40204 08 38 11.18 +17 23 52.52         20.6 r      568 4 20.578 0.003 923.36 1497.00 a

# 以下コメント
match.txtに記載の確定番号小惑星の情報のみ, MPC 80カラムフォーマットに変換したもの.
all.txt系はさらに画像番号 詳細等級 等級誤差 Xpixel Ypixel も持つ.
書式: MPC80カラムフォーマット 画像番号 詳細等級 等級誤差 Xpixel Ypixel [a or m(自動ならa,手動ならm)]
-----------------------------------------------------------------------------------------------------------------

---numbered_mpc.txt----------------------------------------------------------------------------------------------
K8914         C2015 01 26.29696 08 38 03.70 +17 19 03.50         20.0 r      568
K8914         C2015 01 26.32533 08 38 02.27 +17 19 13.75         19.9 r      568
K8914         C2015 01 26.34985 08 38 01.04 +17 19 22.39         19.6 r      568
K8914         C2015 01 26.37706 08 37 59.67 +17 19 32.10         19.4 r      568
K8914         C2015 01 26.40204 08 37 58.40 +17 19 40.95         19.4 r      568
J9988         C2015 01 26.29696 08 38 17.06 +17 23 33.99         20.6 r      568
J9988         C2015 01 26.32533 08 38 15.48 +17 23 39.04         20.6 r      568
J9988         C2015 01 26.34985 08 38 14.11 +17 23 43.37         20.6 r      568
J9988         C2015 01 26.37706 08 38 12.58 +17 23 48.16         20.6 r      568
J9988         C2015 01 26.40204 08 38 11.18 +17 23 52.52         20.6 r      568

#以下コメント
上のnumbered_all.txtと情報は同じだが, MPC 80カラムフォーマットの部分のみ持つ.
-----------------------------------------------------------------------------------------------------------------

---numbered_disp.txt----------------------------------------------------------------------------------------------
K8914        0 1240.19 636.14
K8914        1 1301.33 666.53
K8914        2 1353.63 692.16
K8914        3 1412.21 720.93
K8914        4 1466.14 747.17
J9988        0 672.41 1442.40
J9988        1 739.91 1457.28
J9988        2 798.42 1470.05
J9988        3 863.45 1484.15
J9988        4 923.36 1497.00

#以下コメント
上のnumbered_all.txtと情報は同じだが, MPCフォーマットの天体名 画像番号 Xpixel Ypixelだけを持つ.
-----------------------------------------------------------------------------------------------------------------