717 2457957.948611435 321.87691 -16.47448 14.511 0 
717 2457957.96116365 321.87477 -16.47505 14.51 1 
717 2457957.96743843 321.87371 -16.47533 14.51 2 
717 2457957.98311406 321.87103 -16.47603 14.51 3 
717 2457957.99999373 321.86815 -16.47678 14.509 4 
717 2457958.00940918 321.86655 -16.47719 14.509 5 
717 2457958.03135021 321.8628 -16.47816 14.508 6 
717 2457958.04778476 321.86 -16.47887 14.508 7 
717 2457958.05404883 321.85894 -16.47915 14.508 8 
717 2457958.0634667 321.85734 -16.47956 14.507 9 
717 2457958.07601741 321.85521 -16.4801 14.507 10 
717 2457958.08858414 321.85308 -16.48064 14.507 11 
717 2457958.09486454 321.85201 -16.48091 14.506 12 
717 2457958.1011366 321.85095 -16.48118 14.506 13 
717 2457958.11995885 321.84778 -16.48198 14.506 14 
1999AZ39 2457957.948611435 319.98905 -14.40922 21.574 0 
1999AZ39 2457957.96116365 319.98655 -14.40942 21.574 1 
1999AZ39 2457957.96743843 319.98531 -14.40952 21.574 2 
1999AZ39 2457957.98311406 319.98219 -14.40977 21.574 3 
1999AZ39 2457957.99999373 319.97883 -14.41003 21.573 4 
1999AZ39 2457958.00940918 319.97695 -14.41017 21.253 5 
1999AZ39 2457958.03135021 319.97259 -14.41051 21.573 6 
1999AZ39 2457958.04778476 319.96932 -14.41076 21.572 7 
1999AZ39 2457958.05404883 319.96808 -14.41085 21.572 8 
1999AZ39 2457958.0634667 319.96621 -14.41099 21.572 9 
1999AZ39 2457958.07601741 319.96372 -14.41118 21.572 10 
1999AZ39 2457958.08858414 319.96124 -14.41136 21.571 11 
1999AZ39 2457958.09486454 319.95999 -14.41145 21.571 12 
1999AZ39 2457958.1011366 319.95875 -14.41154 21.571 13 
1999AZ39 2457958.11995885 319.95504 -14.41182 21.571 14 
1999FJ99 2457957.948611435 318.79078 -15.9488 21.515 0 
1999FJ99 2457957.96116365 318.78795 -15.94916 21.515 1 
1999FJ99 2457957.96743843 318.78654 -15.94934 21.515 2 
1999FJ99 2457957.98311406 318.783 -15.94978 21.514 3 
1999FJ99 2457957.99999373 318.7792 -15.95026 21.514 4 
1999FJ99 2457958.00940918 318.77707 -15.95052 21.513 5 
1999FJ99 2457958.03135021 318.77213 -15.95113 21.513 6 
1999FJ99 2457958.04778476 318.76843 -15.95158 21.512 7 
1999FJ99 2457958.05404883 318.76702 -15.95175 21.512 8 
1999FJ99 2457958.0634667 318.76491 -15.952 21.512 9 
1999FJ99 2457958.07601741 318.76209 -15.95234 21.512 10 
1999FJ99 2457958.08858414 318.75927 -15.95268 21.511 11 
1999FJ99 2457958.09486454 318.75787 -15.95285 21.511 12 
1999FJ99 2457958.1011366 318.75647 -15.95302 21.511 13 
1999FJ99 2457958.11995885 318.75227 -15.95352 21.511 14 

# 以下コメント
precise_orbit_directories.txtに記載の各ディレクトリ(~/.coias/orbit_data/以下)のsearch_astB.txt
を集めてきてこのファイルにまとめたもの.
ただし, 各行末に何番目の画像であるか画像番号が付与されている.
書式: 確定番号or仮符号 jd ra[degree] dec[degree] 等級 画像番号