Processing 1028 objects
      H005671  C2015 01 26.61229 10 01 00.90 +21 02 31.25         24.1 g      568 |      3.99     -2.71
      H005671  C2015 01 26.62820 10 01 00.04 +21 02 39.01         24.4 g      568 |      3.10     -2.05
      H005671  C2015 01 26.64408 10 00 59.19 +21 02 46.78         24.6 g      568 |      1.86     -1.19
      H005699  C2015 01 26.61229 10 00 27.13 +20 06 00.49         24.3 g      568 |      0.60     -1.24
      H005708  C2015 01 26.61229 10 00 26.85 +20 30 45.10         23.9 g      568 |      4.66     -2.91
      H005708  C2015 01 26.62820 10 00 26.09 +20 30 50.97         24.4 g      568 |      3.62     -1.95
      H005708  C2015 01 26.64408 10 00 25.36 +20 30 56.45         24.4 g      568 |      2.53     -1.20
      H005756  C2015 01 26.61229 09 58 15.96 +20 56 13.48         23.1 g      568 |      1.81     -1.12
      H005756  C2015 01 26.62820 09 58 15.14 +20 56 21.01         23.1 g      568 |      1.53     -0.90
      H005779  C2015 01 26.63139 10 09 40.65 +20 49 50.12         22.9 g      568 |      1.44     -0.69
      H005811  C2015 01 26.61548 10 08 11.97 +21 03 05.69         23.4 g      568 |      1.31     -1.00
      H005845  C2015 01 26.61548 10 05 34.92 +20 43 41.96         24.8 g      568 |      1.58     -1.05
      H005845  C2015 01 26.63139 10 05 34.12 +20 43 49.84         24.6 g      568 |      1.28     -0.71
      H005848  C2015 01 26.63139 10 05 06.39 +20 35 29.20         21.3 g      568 |      0.73     -1.19
      H005883  C2015 01 26.61548 10 04 21.30 +20 28 57.23         22.0 g      568 |      0.04     -1.63
      H005898  C2015 01 26.62503 10 13 06.40 +19 18 35.61         23.6 g      568 |      1.06     -0.72
      H005918  C2015 01 26.62503 10 10 58.73 +18 52 22.96         22.1 g      568 |     -0.96      1.73
      H005918  C2015 01 26.64087 10 10 58.05 +18 52 28.63         22.7 g      568 |     -0.16      1.01
      H005921  C2015 01 26.64087 10 11 35.49 +18 55 11.38         22.3 g      568 |      2.15      0.13
      H005932  C2015 01 26.62503 10 11 01.14 +19 00 46.89         22.2 g      568 |      2.04      1.31
      H005932  C2015 01 26.64087 10 11 00.46 +19 00 52.04         22.7 g      568 |      1.20      0.56
      H005937  C2015 01 26.62503 10 11 41.79 +19 11 05.81         22.9 g      568 |      5.76     -2.49
      H005937  C2015 01 26.64087 10 11 41.07 +19 11 08.40         22.4 g      568 |      3.45     -1.55
      H005962  C2015 01 26.62503 10 12 08.85 +19 42 56.84         21.4 g      568 |      1.26      0.22
      H005969  C2015 01 26.62503 10 11 18.46 +20 07 24.99         23.2 g      568 |      3.02     -1.89
      H005969  C2015 01 26.64087 10 11 17.93 +20 07 33.99         23.5 g      568 |      1.87     -1.16
      H005975  C2015 01 26.64087 10 08 44.66 +18 59 59.14         24.7 g      568 |      0.64     -1.60
      H006052  C2015 01 26.62183 10 06 48.62 +19 20 57.81         23.1 g      568 |      1.09     -0.73
      H006052  C2015 01 26.63771 10 06 47.97 +19 21 01.75         23.2 g      568 |      1.04     -0.55
      H006070  C2015 01 26.62183 10 06 21.77 +19 42 05.72         22.1 g      568 |      7.50     -4.76
      H006070  C2015 01 26.63771 10 06 21.03 +19 42 16.31         22.4 g      568 |      4.37     -2.73
      H006075  C2015 01 26.63771 10 05 47.46 +18 51 07.82         21.5 g      568 |      1.37      0.46
      H006076  C2015 01 26.65367 10 05 34.84 +19 03 22.33         23.4 g      568 |     -1.32      0.49
      H006103  C2015 01 26.62183 10 05 49.24 +19 51 02.45         23.1 g      568 |      3.66     -1.90
      H006103  C2015 01 26.63771 10 05 48.52 +19 51 07.35         23.4 g      568 |      2.92     -1.30
      H006103  C2015 01 26.65367 10 05 47.78 +19 51 12.37         23.3 g      568 |      1.48     -0.46
      H006189  C2015 01 26.62183 10 01 30.17 +19 02 39.42         22.4 g      568 |      0.51     -1.29
      H006206  C2015 01 26.61868 09 59 37.27 +18 55 33.94         24.8 g      568 |      1.14     -0.73
      H006226  C2015 01 26.61868 10 00 05.95 +19 53 09.60         24.2 g      568 |      4.14     -2.27
      H006226  C2015 01 26.63456 10 00 05.22 +19 53 14.79         23.5 g      568 |      3.32     -1.89
      H006226  C2015 01 26.65047 10 00 04.47 +19 53 20.31         23.6 g      568 |      1.75     -1.04
      H006246  C2015 01 26.63456 09 59 05.35 +18 50 26.95         24.8 g      568 |     -0.44      1.32
      H006246  C2015 01 26.65047 09 59 03.87 +18 50 54.91         24.4 g      568 |     -0.05      1.36
      H006272  C2015 01 26.61868 09 58 08.07 +19 47 11.82         23.8 g      568 |      7.75     -4.59
      H006272  C2015 01 26.63456 09 58 07.31 +19 47 18.93         24.0 g      568 |      4.53     -2.53
      H006344  C2015 01 26.63456 09 55 38.53 +20 03 42.61         24.4 g      568 |      1.35     -1.94
      H006351  C2015 01 26.61868 09 54 55.92 +19 13 51.75         23.5 g      568 |      4.10     -4.27
      H006351  C2015 01 26.63456 09 54 55.20 +19 13 55.87         22.4 g      568 |      2.35     -2.22
      K10B28M  C2015 01 26.62503 10 12 43.46 +19 56 25.23         22.1 g      568 |      6.20     -3.97
      K10B28M  C2015 01 26.64087 10 12 42.87 +19 56 31.03         22.1 g      568 |      3.80     -2.29
      K10N37L  C2015 01 26.61229 10 03 00.72 +20 35 37.40         21.1 g      568 |      2.53     -1.51
      K10N37L  C2015 01 26.62820 10 03 00.16 +20 35 48.30         21.4 g      568 |      1.18     -0.42
 r8314         C2015 01 26.61548 10 07 44.78 +21 10 20.04         21.8 g      568 |     -0.19      1.07
 r8314         C2015 01 26.61548 10 07 44.84 +21 10 17.69         21.4 g      568 |      0.65     -1.28
