     H003079  C2015 01 26.29351 08 25 20.92 +17 49 37.03         24.2 r      568
     H003079  C2015 01 26.32259 08 25 19.08 +17 49 47.87         24.0 r      568
     H003079  C2015 01 26.34710 08 25 17.52 +17 49 56.84         24.6 r      568
     H003079  C2015 01 26.37433 08 25 15.75 +17 50 07.15         24.3 r      568
     H003079  C2015 01 26.39930 08 25 14.14 +17 50 16.35         24.5 r      568
     H003080  C2015 01 26.29351 08 24 29.97 +17 51 04.63         23.5 r      568
     H003080  C2015 01 26.32259 08 24 28.25 +17 51 02.88         23.6 r      568
     H003080  C2015 01 26.34710 08 24 26.80 +17 51 01.36         23.7 r      568
     H003080  C2015 01 26.37433 08 24 25.19 +17 50 59.58         23.7 r      568
     H003080  C2015 01 26.39930 08 24 23.71 +17 50 58.10         23.7 r      568
     H003084  C2015 01 26.29351 08 25 05.15 +17 57 33.99         23.4 r      568
     H003084  C2015 01 26.32259 08 25 03.45 +17 57 42.39         23.5 r      568
     H003084  C2015 01 26.34710 08 25 02.00 +17 57 49.56         23.6 r      568
     H003084  C2015 01 26.37433 08 25 00.40 +17 57 57.26         23.5 r      568
     H003084  C2015 01 26.39930 08 24 58.92 +17 58 04.41         23.6 r      568
     H003088  C2015 01 26.29351 08 25 05.54 +17 29 33.13         24.4 r      568
     H003088  C2015 01 26.32259 08 25 03.75 +17 29 38.12         24.2 r      568
     H003088  C2015 01 26.37433 08 25 00.59 +17 29 47.11         23.8 r      568
     H003088  C2015 01 26.39930 08 24 59.07 +17 29 51.66         24.4 r      568
     H003090  C2015 01 26.29351 08 25 00.37 +17 30 59.60         23.5 r      568
     H003090  C2015 01 26.32259 08 24 58.53 +17 31 07.41         23.7 r      568
     H003090  C2015 01 26.34710 08 24 56.99 +17 31 14.05         24.0 r      568
     H003090  C2015 01 26.37433 08 24 55.28 +17 31 21.37         23.6 r      568
     H003090  C2015 01 26.39930 08 24 53.69 +17 31 27.94         23.5 r      568
     H013079  C2015 01 26.32259 08 24 32.08 +17 22 33.17         24.2 r      568
     H013079  C2015 01 26.34710 08 24 30.72 +17 22 37.68         23.7 r      568
     H013079  C2015 01 26.37433 08 24 29.17 +17 22 43.46         24.3 r      568
     H013079  C2015 01 26.39930 08 24 27.79 +17 22 47.71         23.7 r      568
     H013080  C2015 01 26.29351 08 24 22.80 +17 22 50.48         23.4 r      568
     H013080  C2015 01 26.32259 08 24 20.89 +17 22 59.48         23.7 r      568
     H013080  C2015 01 26.34710 08 24 19.29 +17 23 06.95         23.7 r      568
     H013080  C2015 01 26.37433 08 24 17.49 +17 23 15.39         24.1 r      568
     H013080  C2015 01 26.39930 08 24 15.81 +17 23 22.84         23.5 r      568
     H013084  C2015 01 26.29351 08 25 08.50 +17 25 59.39         22.9 r      568
     H013084  C2015 01 26.32259 08 25 06.85 +17 25 59.55         22.6 r      568
     H013084  C2015 01 26.34710 08 25 05.46 +17 25 59.66         22.7 r      568
     H013084  C2015 01 26.37433 08 25 03.90 +17 25 59.76         23.0 r      568
     H013084  C2015 01 26.39930 08 25 02.49 +17 25 59.81         23.2 r      568
     H013088  C2015 01 26.29351 08 25 45.51 +18 04 33.51         23.8 r      568
     H013088  C2015 01 26.32259 08 25 44.02 +18 04 42.35         23.2 r      568
     H013088  C2015 01 26.34710 08 25 42.75 +18 04 49.86         23.3 r      568
     H013088  C2015 01 26.37433 08 25 41.34 +18 04 58.21         23.3 r      568
     H013088  C2015 01 26.39930 08 25 40.03 +18 05 05.81         23.1 r      568
     H013090  C2015 01 26.29351 08 24 11.66 +18 05 56.64         24.3 r      568
     H013090  C2015 01 26.32259 08 24 09.71 +18 06 00.17         23.7 r      568
     H013090  C2015 01 26.34710 08 24 08.06 +18 06 03.09         23.8 r      568
     H013090  C2015 01 26.39930 08 24 04.54 +18 06 08.99         23.7 r      568
