n9404         C2015 01 26.62820 09 58 01.94 +21 03 20.41         21.1 g      568
n9404         C2015 01 26.64408 09 58 01.18 +21 03 21.85         21.1 g      568
n9404         C2015 01 26.66089 09 58 00.36 +21 03 23.36         21.2 g      568
n9889         C2015 01 26.46489 10 05 14.47 +20 40 54.83         20.7 g      568
n9889         C2015 01 26.61548 10 05 08.09 +20 42 07.36         20.6 g      568
n9889         C2015 01 26.63139 10 05 07.42 +20 42 14.91         20.6 g      568
n9889         C2015 01 26.64728 10 05 06.76 +20 42 22.43         20.6 g      568
n9889         C2015 01 26.66360 10 05 06.08 +20 42 30.15         20.6 g      568
o2586         C2015 01 26.47133 10 01 49.54 +19 56 18.51         21.4 g      568
o2586         C2015 01 26.62183 10 01 42.73 +19 57 12.59         21.6 g      568
o2586         C2015 01 26.65367 10 01 41.31 +19 57 23.92         21.7 g      568
o2586         C2015 01 26.66510 10 01 40.80 +19 57 27.93         21.7 g      568
o2606         C2015 01 26.62820 09 59 44.01 +21 25 29.70         20.8 g      568
o2606         C2015 01 26.64408 09 59 43.33 +21 25 34.21         20.9 g      568
o2606         C2015 01 26.66089 09 59 42.62 +21 25 39.01         20.9 g      568
o2957         C2015 01 26.47133 10 06 59.72 +19 24 56.76         21.6 g      568
o2957         C2015 01 26.62183 10 06 53.18 +19 25 49.60         21.7 g      568
o2957         C2015 01 26.63771 10 06 52.49 +19 25 55.07         21.8 g      568
o2957         C2015 01 26.65367 10 06 51.80 +19 26 00.62         21.8 g      568
o2957         C2015 01 26.66510 10 06 51.31 +19 26 04.61         21.7 g      568
o5832         C2015 01 26.47133 10 04 33.65 +19 53 46.49         20.5 g      568
o5832         C2015 01 26.62183 10 04 25.42 +19 53 46.73         20.6 g      568
o5832         C2015 01 26.63771 10 04 24.54 +19 53 46.66         20.4 g      568
o5832         C2015 01 26.65367 10 04 23.67 +19 53 46.59         20.4 g      568
o5832         C2015 01 26.66510 10 04 23.06 +19 53 46.45         20.4 g      568
o5834         C2015 01 26.62183 10 05 15.79 +19 16 49.63         18.7 g      568
o5834         C2015 01 26.63771 10 05 14.98 +19 16 52.25         18.8 g      568
o5834         C2015 01 26.65367 10 05 14.17 +19 16 54.94         19.1 g      568
o5835         C2015 01 26.46171 10 00 52.05 +20 25 05.72         21.5 g      568
o5835         C2015 01 26.61229 10 00 44.33 +20 26 28.17         21.4 g      568
o5835         C2015 01 26.62820 10 00 43.52 +20 26 36.82         21.4 g      568
o5835         C2015 01 26.64408 10 00 42.72 +20 26 45.41         21.4 g      568
o5835         C2015 01 26.66089 10 00 41.87 +20 26 54.47         21.5 g      568
o8066         C2015 01 26.46171 09 58 47.53 +21 03 00.81         20.8 g      568
o8066         C2015 01 26.61229 09 58 40.41 +21 04 03.30         20.9 g      568
o8066         C2015 01 26.64408 09 58 38.92 +21 04 16.30         20.9 g      568
p9267         C2015 01 26.46171 09 57 52.96 +20 29 16.18         21.8 g      568
p9267         C2015 01 26.61229 09 57 44.51 +20 29 58.46         21.8 g      568
p9267         C2015 01 26.62820 09 57 43.63 +20 30 02.76         21.8 g      568
p9267         C2015 01 26.64408 09 57 42.74 +20 30 07.24         21.6 g      568
p9267         C2015 01 26.66089 09 57 41.81 +20 30 11.87         21.8 g      568
p9958         C2015 01 26.61229 09 58 03.46 +20 20 10.91         22.2 g      568
p9958         C2015 01 26.62820 09 58 02.69 +20 20 16.41         22.3 g      568
p9958         C2015 01 26.64408 09 58 01.93 +20 20 21.86         22.2 g      568
p9958         C2015 01 26.66089 09 58 01.12 +20 20 27.62         22.4 g      568
q5799         C2015 01 26.47449 10 12 45.77 +19 50 16.92         22.4 g      568
q5799         C2015 01 26.62503 10 12 37.87 +19 51 01.93         22.2 g      568
q5799         C2015 01 26.64087 10 12 37.04 +19 51 06.54         22.3 g      568
q5799         C2015 01 26.65887 10 12 36.11 +19 51 11.82         22.5 g      568
q6039         C2015 01 26.47449 10 09 43.06 +19 27 33.53         21.8 g      568
q6039         C2015 01 26.62503 10 09 36.05 +19 28 30.02         21.8 g      568
q6039         C2015 01 26.64087 10 09 35.31 +19 28 35.92         21.7 g      568
q6039         C2015 01 26.65887 10 09 34.49 +19 28 42.54         21.9 g      568
q8543         C2015 01 26.47449 10 08 06.23 +18 56 28.13         22.3 g      568
q8543         C2015 01 26.62503 10 07 59.19 +18 56 55.48         22.1 g      568
q8543         C2015 01 26.64087 10 07 58.46 +18 56 58.32         22.1 g      568
q8543         C2015 01 26.65689 10 07 57.73 +18 57 01.25         22.2 g      568
q8543         C2015 01 26.65887 10 07 57.64 +18 57 01.74         22.7 g      568
q9066         C2015 01 26.47449 10 12 09.97 +19 01 50.11         22.3 g      568
q9066         C2015 01 26.62503 10 12 01.78 +19 02 21.51         22.4 g      568
q9066         C2015 01 26.64087 10 12 00.93 +19 02 24.77         22.1 g      568
q9066         C2015 01 26.65689 10 12 00.06 +19 02 28.03         21.9 g      568
q9066         C2015 01 26.65887 10 11 59.96 +19 02 28.43         21.8 g      568
q9335         C2015 01 26.46489 10 06 18.96 +21 26 00.94         22.6 g      568
q9335         C2015 01 26.61548 10 06 11.21 +21 26 50.14         22.7 g      568
q9335         C2015 01 26.63139 10 06 10.39 +21 26 55.35         22.9 g      568
q9335         C2015 01 26.64728 10 06 09.57 +21 27 00.49         22.8 g      568
q9335         C2015 01 26.66360 10 06 08.75 +21 27 05.68         22.9 g      568
r0408         C2015 01 26.46171 09 59 26.44 +20 59 06.27         21.5 g      568
r0408         C2015 01 26.61229 09 59 20.11 +21 00 39.17         21.4 g      568
r0408         C2015 01 26.62820 09 59 19.43 +21 00 49.04         21.2 g      568
r0408         C2015 01 26.64408 09 59 18.77 +21 00 58.73         21.2 g      568
r0408         C2015 01 26.66089 09 59 18.07 +21 01 09.03         21.2 g      568
r1308         C2015 01 26.46171 09 59 20.71 +20 22 39.01         22.2 g      568
r1308         C2015 01 26.61229 09 59 13.73 +20 23 05.65         22.2 g      568
r1308         C2015 01 26.62820 09 59 13.00 +20 23 08.49         22.1 g      568
r1308         C2015 01 26.64408 09 59 12.27 +20 23 11.28         22.1 g      568
r1308         C2015 01 26.66089 09 59 11.49 +20 23 14.14         22.2 g      568
r2354         C2015 01 26.46171 09 59 38.10 +20 14 44.18         21.8 g      568
r2354         C2015 01 26.61229 09 59 29.46 +20 14 53.41         21.5 g      568
r2354         C2015 01 26.62820 09 59 28.55 +20 14 54.35         21.5 g      568
r2354         C2015 01 26.64408 09 59 27.64 +20 14 55.23         21.5 g      568
r2354         C2015 01 26.66089 09 59 26.69 +20 14 56.14         21.4 g      568
r5220         C2015 01 26.62183 10 02 41.41 +18 58 36.99         18.0 g      568
r5220         C2015 01 26.63771 10 02 40.80 +18 58 45.45         18.0 g      568
r5220         C2015 01 26.65367 10 02 40.18 +18 58 53.94         18.1 g      568
r6024         C2015 01 26.46171 10 00 07.40 +20 47 28.42         21.8 g      568
r6024         C2015 01 26.61229 10 00 00.37 +20 48 31.55         21.9 g      568
r6024         C2015 01 26.62820 09 59 59.63 +20 48 38.16         22.1 g      568
r6024         C2015 01 26.66089 09 59 58.12 +20 48 51.68         22.5 g      568
r6134         C2015 01 26.47133 10 01 39.44 +19 49 36.02         21.9 g      568
r6134         C2015 01 26.62183 10 01 32.62 +19 50 57.30         22.3 g      568
r6134         C2015 01 26.63771 10 01 31.88 +19 51 05.81         21.9 g      568
r6134         C2015 01 26.65367 10 01 31.17 +19 51 14.43         21.9 g      568
r6134         C2015 01 26.66510 10 01 30.66 +19 51 20.39         22.1 g      568
r6696         C2015 01 26.46171 10 02 07.07 +20 48 47.63         21.4 g      568
r6696         C2015 01 26.61229 10 02 00.59 +20 49 30.39         21.1 g      568
r6696         C2015 01 26.62820 10 01 59.90 +20 49 34.85         21.1 g      568
r8314         C2015 01 26.61548 10 07 44.78 +21 10 20.04         21.8 g      568
r8314         C2015 01 26.61548 10 07 44.84 +21 10 17.69         21.4 g      568
r8314         C2015 01 26.66360 10 07 42.83 +21 10 42.78         21.7 g      568
r8380         C2015 01 26.61548 10 04 57.97 +20 39 06.52         20.1 g      568
r8380         C2015 01 26.63139 10 04 57.34 +20 39 12.97         20.1 g      568
r8380         C2015 01 26.64728 10 04 56.72 +20 39 19.43         20.1 g      568
r9544         C2015 01 26.46171 10 03 38.38 +21 04 40.51         22.8 g      568
r9544         C2015 01 26.61229 10 03 30.76 +21 05 44.74         22.8 g      568
r9544         C2015 01 26.62820 10 03 29.95 +21 05 51.47         22.8 g      568
r9544         C2015 01 26.64408 10 03 29.16 +21 05 58.13         22.8 g      568
r9544         C2015 01 26.66089 10 03 28.31 +21 06 05.25         22.9 g      568
s3280         C2015 01 26.46171 09 59 41.18 +20 43 18.25         22.1 g      568
s3280         C2015 01 26.61229 09 59 34.24 +20 43 54.83         22.1 g      568
s3280         C2015 01 26.62820 09 59 33.51 +20 43 58.67         22.1 g      568
s3280         C2015 01 26.64408 09 59 32.78 +20 44 02.47         22.1 g      568
s3280         C2015 01 26.66089 09 59 32.01 +20 44 06.46         22.0 g      568
s5163         C2015 01 26.47133 10 04 52.64 +19 14 04.62         20.8 g      568
s5163         C2015 01 26.62183 10 04 43.41 +19 14 36.68         20.9 g      568
s5163         C2015 01 26.63771 10 04 42.45 +19 14 40.00         20.9 g      568
s5163         C2015 01 26.65367 10 04 41.48 +19 14 43.21         21.1 g      568
s5163         C2015 01 26.66510 10 04 40.79 +19 14 45.53         21.4 g      568
04630         C2015 01 26.46489 10 09 19.34 +20 31 07.18         17.8 g      568
04630         C2015 01 26.61548 10 09 12.25 +20 31 59.60         17.9 g      568
04630         C2015 01 26.63139 10 09 11.50 +20 32 05.03         17.9 g      568
04630         C2015 01 26.64728 10 09 10.76 +20 32 10.49         17.8 g      568
04630         C2015 01 26.66360 10 09 10.00 +20 32 16.07         17.7 g      568
06769         C2015 01 26.47133 10 01 53.16 +19 23 07.70         14.1 g      568
06769         C2015 01 26.63771 10 01 45.06 +19 24 06.85         14.7 g      568
06769         C2015 01 26.65367 10 01 44.29 +19 24 12.35         14.4 g      568
09862         C2015 01 26.46489 10 08 33.08 +20 24 38.77         18.7 g      568
09862         C2015 01 26.61548 10 08 25.40 +20 25 34.11         18.6 g      568
09862         C2015 01 26.63139 10 08 24.59 +20 25 39.86         18.6 g      568
09862         C2015 01 26.64728 10 08 23.82 +20 25 45.27         19.3 g      568
09862         C2015 01 26.66360 10 08 22.97 +20 25 51.50         18.6 g      568
14952         C2015 01 26.46489 10 07 37.55 +21 19 22.64         18.2 g      568
14952         C2015 01 26.61548 10 07 29.99 +21 20 11.95         18.1 g      568
14952         C2015 01 26.63139 10 07 29.19 +21 20 17.04         18.1 g      568
14952         C2015 01 26.64728 10 07 28.40 +21 20 22.15         18.1 g      568
17357         C2015 01 26.46814 10 00 30.64 +19 14 53.99         18.6 g      568
17357         C2015 01 26.61868 10 00 23.74 +19 16 08.27         18.6 g      568
17357         C2015 01 26.63456 10 00 23.04 +19 16 15.58         19.3 g      568
17357         C2015 01 26.65047 10 00 22.31 +19 16 23.54         19.0 g      568
17357         C2015 01 26.66433 10 00 21.69 +19 16 30.57         19.1 g      568
19641         C2015 01 26.47449 10 09 05.31 +19 57 48.60         18.8 g      568
19641         C2015 01 26.62503 10 08 57.95 +19 58 19.56         18.6 g      568
19641         C2015 01 26.64087 10 08 57.18 +19 58 22.74         18.8 g      568
19641         C2015 01 26.65689 10 08 56.40 +19 58 25.98         19.0 g      568
19641         C2015 01 26.65887 10 08 56.30 +19 58 26.36         19.0 g      568
23804         C2015 01 26.47133 10 03 00.86 +19 10 04.74         19.2 g      568
23804         C2015 01 26.62183 10 02 52.69 +19 10 40.65         19.2 g      568
23804         C2015 01 26.63771 10 02 51.83 +19 10 44.39         19.2 g      568
23804         C2015 01 26.65367 10 02 50.97 +19 10 48.10         19.3 g      568
23804         C2015 01 26.66510 10 02 50.36 +19 10 50.77         19.2 g      568
28576         C2015 01 26.46489 10 10 05.29 +21 09 19.25         18.9 g      568
28576         C2015 01 26.61548 10 09 57.96 +21 10 17.11         19.0 g      568
28576         C2015 01 26.63139 10 09 57.19 +21 10 23.13         18.9 g      568
28576         C2015 01 26.64728 10 09 56.42 +21 10 29.13         18.9 g      568
28576         C2015 01 26.66360 10 09 55.64 +21 10 35.31         18.8 g      568
35218         C2015 01 26.47133 10 06 57.12 +19 44 08.48         19.5 g      568
35218         C2015 01 26.62183 10 06 48.54 +19 45 09.04         19.4 g      568
35218         C2015 01 26.63771 10 06 47.64 +19 45 15.38         19.7 g      568
35218         C2015 01 26.65367 10 06 46.73 +19 45 21.75         19.7 g      568
35218         C2015 01 26.66510 10 06 46.08 +19 45 26.30         19.6 g      568
39899         C2015 01 26.46489 10 06 55.23 +21 22 33.47         18.7 g      568
39899         C2015 01 26.61548 10 06 46.07 +21 23 13.70         19.3 g      568
39899         C2015 01 26.63139 10 06 45.07 +21 23 17.79         18.7 g      568
39899         C2015 01 26.64728 10 06 44.11 +21 23 21.96         18.6 g      568
39899         C2015 01 26.66360 10 06 43.12 +21 23 26.18         18.5 g      568
40698         C2015 01 26.46171 10 00 37.42 +21 03 05.88         19.4 g      568
40698         C2015 01 26.61229 10 00 28.67 +21 03 54.74         19.4 g      568
40698         C2015 01 26.62820 10 00 27.75 +21 03 59.88         19.4 g      568
40698         C2015 01 26.64408 10 00 26.85 +21 04 04.79         19.5 g      568
40698         C2015 01 26.66089 10 00 25.88 +21 04 10.23         19.4 g      568
41634         C2015 01 26.47449 10 09 58.97 +18 46 35.83         19.7 g      568
41634         C2015 01 26.62503 10 09 52.55 +18 47 43.61         19.3 g      568
41634         C2015 01 26.64087 10 09 51.88 +18 47 50.68         19.4 g      568
41634         C2015 01 26.65689 10 09 51.21 +18 47 57.81         19.4 g      568
41634         C2015 01 26.65887 10 09 51.12 +18 47 58.67         19.4 g      568
41814         C2015 01 26.47133 10 04 16.56 +19 00 07.83         18.1 g      568
41814         C2015 01 26.62183 10 04 08.19 +19 01 32.62         18.3 g      568
41814         C2015 01 26.63771 10 04 07.33 +19 01 41.52         18.1 g      568
41814         C2015 01 26.65367 10 04 06.46 +19 01 50.42         18.1 g      568
41814         C2015 01 26.66510 10 04 05.83 +19 01 56.76         18.0 g      568
44077         C2015 01 26.61548 10 05 56.54 +20 35 20.01         19.1 g      568
44077         C2015 01 26.63139 10 05 55.74 +20 35 25.72         19.0 g      568
44077         C2015 01 26.64728 10 05 54.94 +20 35 31.45         19.0 g      568
44077         C2015 01 26.66360 10 05 54.13 +20 35 37.32         19.0 g      568
45354         C2015 01 26.61868 09 59 29.86 +19 58 02.29         16.8 g      568
45354         C2015 01 26.63456 09 59 29.07 +19 58 08.87         17.9 g      568
45354         C2015 01 26.65047 09 59 28.18 +19 58 16.68         16.8 g      568
46395         C2015 01 26.46814 09 58 18.59 +19 23 32.32         19.4 g      568
46395         C2015 01 26.61868 09 58 09.71 +19 24 35.86         19.4 g      568
46395         C2015 01 26.63456 09 58 08.78 +19 24 42.46         19.4 g      568
46395         C2015 01 26.65047 09 58 07.86 +19 24 49.06         19.4 g      568
46395         C2015 01 26.66433 09 58 07.05 +19 24 54.81         19.4 g      568
46965         C2015 01 26.62503 10 12 27.75 +19 22 49.85         18.3 g      568
46965         C2015 01 26.64087 10 12 26.95 +19 22 54.55         18.3 g      568
46965         C2015 01 26.65689 10 12 26.15 +19 22 59.36         18.3 g      568
46965         C2015 01 26.65887 10 12 26.06 +19 22 59.94         18.3 g      568
50800         C2015 01 26.47133 10 04 27.53 +19 22 18.24         19.9 g      568
50800         C2015 01 26.62183 10 04 21.15 +19 22 53.78         19.8 g      568
50800         C2015 01 26.63771 10 04 20.48 +19 22 57.50         19.8 g      568
50800         C2015 01 26.65367 10 04 19.80 +19 23 01.25         19.8 g      568
50800         C2015 01 26.66510 10 04 19.32 +19 23 03.87         19.9 g      568
58086         C2015 01 26.46171 09 57 45.01 +20 32 56.62         19.5 g      568
58086         C2015 01 26.61229 09 57 36.23 +20 33 33.68         19.4 g      568
58086         C2015 01 26.62820 09 57 35.31 +20 33 37.58         19.3 g      568
58086         C2015 01 26.66089 09 57 33.43 +20 33 45.46         19.4 g      568
58670         C2015 01 26.61868 09 55 31.29 +19 11 20.68         17.3 g      568
58670         C2015 01 26.63456 09 55 30.40 +19 11 25.79         16.4 g      568
58670         C2015 01 26.65047 09 55 29.57 +19 11 30.48         16.5 g      568
61105         C2015 01 26.47133 10 04 23.44 +18 54 15.35         18.9 g      568
61105         C2015 01 26.62183 10 04 14.28 +18 55 03.19         18.8 g      568
61105         C2015 01 26.63771 10 04 13.33 +18 55 08.18         18.8 g      568
61105         C2015 01 26.65367 10 04 12.37 +18 55 13.17         18.9 g      568
61105         C2015 01 26.66510 10 04 11.68 +18 55 16.72         18.9 g      568
64923         C2015 01 26.46171 09 59 32.53 +20 56 47.83         19.6 g      568
64923         C2015 01 26.61229 09 59 25.64 +20 58 06.07         19.6 g      568
64923         C2015 01 26.62820 09 59 24.92 +20 58 14.30         19.6 g      568
64923         C2015 01 26.64408 09 59 24.20 +20 58 22.46         19.5 g      568
64923         C2015 01 26.66089 09 59 23.45 +20 58 31.07         19.5 g      568
69600         C2015 01 26.62503 10 09 43.27 +19 28 52.42         18.7 g      568
69600         C2015 01 26.64087 10 09 42.40 +19 28 55.49         18.7 g      568
69600         C2015 01 26.65689 10 09 41.53 +19 28 58.58         18.7 g      568
69600         C2015 01 26.65887 10 09 41.43 +19 28 58.96         18.7 g      568
71799         C2015 01 26.47449 10 09 04.40 +19 52 52.42         20.4 g      568
71799         C2015 01 26.62503 10 08 57.18 +19 54 10.36         20.1 g      568
71799         C2015 01 26.64087 10 08 56.42 +19 54 18.45         20.1 g      568
71799         C2015 01 26.65689 10 08 55.67 +19 54 26.63         20.1 g      568
71799         C2015 01 26.65887 10 08 55.58 +19 54 27.63         20.0 g      568
77414         C2015 01 26.61868 10 00 43.75 +19 16 10.44         19.0 g      568
77414         C2015 01 26.63456 10 00 43.04 +19 16 20.44         18.8 g      568
77414         C2015 01 26.65047 10 00 42.34 +19 16 30.34         18.8 g      568
77414         C2015 01 26.66433 10 00 41.73 +19 16 38.98         18.9 g      568
78322         C2015 01 26.46171 09 58 20.84 +21 00 35.66         20.0 g      568
78322         C2015 01 26.61229 09 58 14.34 +21 01 44.82         19.6 g      568
78322         C2015 01 26.62820 09 58 13.66 +21 01 52.08         19.5 g      568
86996         C2015 01 26.46489 10 06 42.02 +20 43 04.09         21.1 g      568
86996         C2015 01 26.61548 10 06 34.68 +20 43 54.92         21.0 g      568
86996         C2015 01 26.64728 10 06 33.10 +20 44 05.85         21.7 g      568
86996         C2015 01 26.66360 10 06 32.36 +20 44 11.18         21.7 g      568
87178         C2015 01 26.46171 09 59 48.28 +20 14 40.43         19.6 g      568
87178         C2015 01 26.61229 09 59 39.95 +20 15 02.11         19.7 g      568
87178         C2015 01 26.62820 09 59 39.06 +20 15 04.43         19.5 g      568
87178         C2015 01 26.64408 09 59 38.18 +20 15 06.66         19.5 g      568
87178         C2015 01 26.66089 09 59 37.23 +20 15 09.21         20.0 g      568
89285         C2015 01 26.46489 10 04 43.64 +20 50 53.39         16.9 g      568
89285         C2015 01 26.63139 10 04 35.49 +20 51 45.13         16.7 g      568
89285         C2015 01 26.64728 10 04 34.72 +20 51 50.00         16.7 g      568
89673         C2015 01 26.46489 10 07 25.06 +20 06 28.70         18.2 g      568
89673         C2015 01 26.63139 10 07 17.16 +20 07 28.39         18.2 g      568
89673         C2015 01 26.64728 10 07 16.42 +20 07 34.00         18.2 g      568
