q9335         C2015 01 26.66360 10 06 08.75 +21 27 05.68         22.9 g      568
r0408         C2015 01 26.46171 09 59 26.44 +20 59 06.27         21.5 g      568
r0408         C2015 01 26.61229 09 59 20.11 +21 00 39.17         21.4 g      568
r0408         C2015 01 26.62820 09 59 19.43 +21 00 49.04         21.2 g      568
r0408         C2015 01 26.64408 09 59 18.77 +21 00 58.73         21.2 g      568
r0408         C2015 01 26.66089 09 59 18.07 +21 01 09.03         21.2 g      568
r1308         C2015 01 26.46171 09 59 20.71 +20 22 39.01         22.2 g      568
r1308         C2015 01 26.61229 09 59 13.73 +20 23 05.65         22.2 g      568
r1308         C2015 01 26.62820 09 59 13.00 +20 23 08.49         22.1 g      568
r1308         C2015 01 26.64408 09 59 12.27 +20 23 11.28         22.1 g      568
r1308         C2015 01 26.66089 09 59 11.49 +20 23 14.14         22.2 g      568
r2354         C2015 01 26.46171 09 59 38.10 +20 14 44.18         21.8 g      568
r2354         C2015 01 26.61229 09 59 29.46 +20 14 53.41         21.5 g      568
r2354         C2015 01 26.62820 09 59 28.55 +20 14 54.35         21.5 g      568
r2354         C2015 01 26.64408 09 59 27.64 +20 14 55.23         21.5 g      568
r2354         C2015 01 26.66089 09 59 26.69 +20 14 56.14         21.4 g      568
r5220         C2015 01 26.62183 10 02 41.41 +18 58 36.99         18.0 g      568
r5220         C2015 01 26.63771 10 02 40.80 +18 58 45.45         18.0 g      568
r5220         C2015 01 26.65367 10 02 40.18 +18 58 53.94         18.1 g      568
r6024         C2015 01 26.46171 10 00 07.40 +20 47 28.42         21.8 g      568
r6024         C2015 01 26.61229 10 00 00.37 +20 48 31.55         21.9 g      568
r6024         C2015 01 26.62820 09 59 59.63 +20 48 38.16         22.1 g      568
r6024         C2015 01 26.66089 09 59 58.12 +20 48 51.68         22.5 g      568
r6134         C2015 01 26.47133 10 01 39.44 +19 49 36.02         21.9 g      568
r6134         C2015 01 26.62183 10 01 32.62 +19 50 57.30         22.3 g      568
r6134         C2015 01 26.63771 10 01 31.88 +19 51 05.81         21.9 g      568
r6134         C2015 01 26.65367 10 01 31.17 +19 51 14.43         21.9 g      568
r6134         C2015 01 26.66510 10 01 30.66 +19 51 20.39         22.1 g      568
r6696         C2015 01 26.46171 10 02 07.07 +20 48 47.63         21.4 g      568
r6696         C2015 01 26.61229 10 02 00.59 +20 49 30.39         21.1 g      568
r6696         C2015 01 26.62820 10 01 59.90 +20 49 34.85         21.1 g      568
r8380         C2015 01 26.61548 10 04 57.97 +20 39 06.52         20.1 g      568
r8380         C2015 01 26.63139 10 04 57.34 +20 39 12.97         20.1 g      568
r8380         C2015 01 26.64728 10 04 56.72 +20 39 19.43         20.1 g      568
r9544         C2015 01 26.46171 10 03 38.38 +21 04 40.51         22.8 g      568
r9544         C2015 01 26.61229 10 03 30.76 +21 05 44.74         22.8 g      568
r9544         C2015 01 26.62820 10 03 29.95 +21 05 51.47         22.8 g      568
r9544         C2015 01 26.64408 10 03 29.16 +21 05 58.13         22.8 g      568
r9544         C2015 01 26.66089 10 03 28.31 +21 06 05.25         22.9 g      568
s3280         C2015 01 26.46171 09 59 41.18 +20 43 18.25         22.1 g      568
s3280         C2015 01 26.61229 09 59 34.24 +20 43 54.83         22.1 g      568
s3280         C2015 01 26.62820 09 59 33.51 +20 43 58.67         22.1 g      568
s3280         C2015 01 26.64408 09 59 32.78 +20 44 02.47         22.1 g      568
s3280         C2015 01 26.66089 09 59 32.01 +20 44 06.46         22.0 g      568
s5163         C2015 01 26.47133 10 04 52.64 +19 14 04.62         20.8 g      568
s5163         C2015 01 26.62183 10 04 43.41 +19 14 36.68         20.9 g      568
s5163         C2015 01 26.63771 10 04 42.45 +19 14 40.00         20.9 g      568
s5163         C2015 01 26.65367 10 04 41.48 +19 14 43.21         21.1 g      568
s5163         C2015 01 26.66510 10 04 40.79 +19 14 45.53         21.4 g      568
04630         C2015 01 26.46489 10 09 19.34 +20 31 07.18         17.8 g      568
04630         C2015 01 26.61548 10 09 12.25 +20 31 59.60         17.9 g      568
04630         C2015 01 26.63139 10 09 11.50 +20 32 05.03         17.9 g      568
04630         C2015 01 26.64728 10 09 10.76 +20 32 10.49         17.8 g      568
04630         C2015 01 26.66360 10 09 10.00 +20 32 16.07         17.7 g      568
06769         C2015 01 26.47133 10 01 53.16 +19 23 07.70         14.1 g      568
06769         C2015 01 26.63771 10 01 45.06 +19 24 06.85         14.7 g      568
06769         C2015 01 26.65367 10 01 44.29 +19 24 12.35         14.4 g      568
09862         C2015 01 26.46489 10 08 33.08 +20 24 38.77         18.7 g      568
09862         C2015 01 26.61548 10 08 25.40 +20 25 34.11         18.6 g      568
09862         C2015 01 26.63139 10 08 24.59 +20 25 39.86         18.6 g      568
