     A01735  1C2009 07 15.68821 20 40 56.23 -17 12 43.4          20.9 R      300
     A01735  1C2009 07 15.69139 20 40 55.97 -17 12 44.4          21.3 R      300
     A01735  1C2009 07 15.69457 20 40 55.66 -17 12 44.9          20.9 R      300
     A01736  1C2009 08 14.60957 21 13 32.31 -08 14 57.5          20.4 R      300
     A01736  1C2009 08 14.61705 21 13 31.90 -08 14 59.6          20.7 R      300
     A01736  1C2009 08 14.62453 21 13 31.50 -08 15 01.3          20.1 R      300
     A01736  1C2009 08 14.63201 21 13 31.17 -08 15 02.1          20.7 R      300
     A01737  1C2009 08 14.60957 21 15 22.33 -08 15 32.3          21.6 R      300
     A01737  1C2009 08 14.61705 21 15 22.00 -08 15 37.3          21.9 R      300
     A01737  1C2009 08 14.62453 21 15 21.62 -08 15 41.7          22.0 R      300
     A01737  1C2009 08 14.63201 21 15 21.29 -08 15 45.7          21.6 R      300
     A01738  1C2009 08 14.60957 21 13 34.90 -08 25 03.1          22.8 R      300
     A01738  1C2009 08 14.61705 21 13 34.64 -08 25 05.8          22.0 R      300
     A01738  1C2009 08 14.62453 21 13 34.27 -08 25 06.8          22.2 R      300
     A01738  1C2009 08 14.63201 21 13 33.97 -08 25 09.2          22.5 R      300
     A01739  1C2009 08 14.60957 21 14 46.91 -08 33 49.9          21.0 R      300
     A01739  1C2009 08 14.61705 21 14 46.49 -08 33 51.5          21.0 R      300
     A01739  1C2009 08 14.62453 21 14 46.10 -08 33 53.0          20.9 R      300
     A01739  1C2009 08 14.63201 21 14 45.71 -08 33 53.8          21.3 R      300
     A01740  1C2009 08 14.60957 21 12 49.95 -08 11 34.4          21.2 R      300
     A01740  1C2009 08 14.61705 21 12 49.51 -08 11 36.9          21.4 R      300
     A01740  1C2009 08 14.62453 21 12 49.11 -08 11 37.9          20.7 R      300
     A01740  1C2009 08 14.63201 21 12 48.68 -08 11 38.3          20.7 R      300
     A01741  1C2009 08 14.60957 21 13 02.11 -08 11 03.6          20.8 R      300
     A01741  1C2009 08 14.61705 21 13 01.72 -08 11 06.2          21.0 R      300
     A01741  1C2009 08 14.62453 21 13 01.33 -08 11 09.7          21.0 R      300
     A01741  1C2009 08 14.63201 21 13 00.91 -08 11 12.7          21.0 R      300
     A01743  1C2009 08 14.60957 21 12 09.83 -07 55 16.1          21.6 R      300
     A01743  1C2009 08 14.61705 21 12 09.39 -07 55 20.0          21.5 R      300
     A01743  1C2009 08 14.62453 21 12 08.96 -07 55 21.5          21.1 R      300
     A01743  1C2009 08 14.63201 21 12 08.63 -07 55 23.0          21.2 R      300
     A01744  1C2009 08 14.60957 21 12 42.77 -08 04 06.8          21.6 R      300
     A01744  1C2009 08 14.61705 21 12 42.41 -08 04 06.4          21.6 R      300
     A01744  1C2009 08 14.62453 21 12 41.99 -08 04 06.2          21.4 R      300
     A01744  1C2009 08 14.63201 21 12 41.61 -08 04 06.4          21.7 R      300
     A01745  1C2009 08 14.60957 21 11 30.58 -07 41 59.8          20.3 R      300
     A01745  1C2009 08 14.61705 21 11 30.24 -07 41 59.2          19.9 R      300
     A01745  1C2009 08 14.62453 21 11 29.96 -07 42 01.7          20.5 R      300
     A01745  1C2009 08 14.63201 21 11 29.55 -07 42 04.5          20.4 R      300
     A01746  1C2009 08 14.60957 21 11 31.39 -07 45 05.5          21.6 R      300
     A01746  1C2009 08 14.61705 21 11 31.06 -07 45 10.0          21.2 R      300
     A01746  1C2009 08 14.62453 21 11 30.66 -07 45 12.6          20.9 R      300
     A01746  1C2009 08 14.63201 21 11 30.18 -07 45 16.8          20.9 R      300
     A01748  1C2009 08 14.60957 21 14 50.65 -07 10 51.3          22.2 R      300
     A01748  1C2009 08 14.61705 21 14 50.33 -07 10 54.5          21.9 R      300
     A01748  1C2009 08 14.62453 21 14 50.00 -07 10 57.9          21.5 R      300
     A01748  1C2009 08 14.63201 21 14 49.73 -07 11 00.7          22.3 R      300
     A01749  1C2009 08 14.60957 21 15 01.09 -07 18 38.0          22.8 R      300
     A01749  1C2009 08 14.61705 21 15 00.68 -07 18 42.3          21.8 R      300
     A01749  1C2009 08 14.62453 21 15 00.36 -07 18 42.4          22.0 R      300
     A01749  1C2009 08 14.63201 21 14 59.97 -07 18 43.3          22.7 R      300
     A01750  1C2009 08 14.60957 21 15 09.12 -07 19 02.1          21.2 R      300
     A01750  1C2009 08 14.61705 21 15 08.83 -07 19 07.6          21.6 R      300
     A01750  1C2009 08 14.62453 21 15 08.52 -07 19 12.6          21.9 R      300
     A01750  1C2009 08 14.63201 21 15 08.15 -07 19 17.3          21.5 R      300
     A01751  1C2009 08 14.60957 21 12 39.99 -07 13 07.8          21.3 R      300
     A01751  1C2009 08 14.61705 21 12 39.50 -07 13 06.9          20.8 R      300
     A01751  1C2009 08 14.62453 21 12 39.03 -07 13 06.2          21.0 R      300
     A01751  1C2009 08 14.63201 21 12 38.54 -07 13 05.6          20.7 R      300
     A01753  1C2009 08 24.58456 22 28 24.95 -01 55 56.9          19.9 R      300
     A01753  1C2009 08 24.58927 22 28 24.64 -01 55 56.1          19.9 R      300
     A01753  1C2009 08 24.59466 22 28 24.34 -01 55 55.7          20.0 R      300
     A01753  1C2009 08 24.60006 22 28 24.04 -01 55 55.3          20.0 R      300
     A01753  1C2009 08 24.60545 22 28 23.68 -01 55 54.1          20.3 R      300
     A01756  1C2009 08 24.64655 22 36 26.81 -03 01 04.1          20.4 R      300
     A01756  1C2009 08 24.65194 22 36 26.47 -03 01 04.4          20.3 R      300
     A01756  1C2009 08 24.65734 22 36 26.24 -03 01 03.7          21.0 R      300
     A01756  1C2009 08 24.66273 22 36 25.87 -03 01 03.1          20.7 R      300
     A01756  1C2009 08 24.66812 22 36 25.57 -03 01 02.4          20.5 R      300
     A01757  1C2009 08 24.64655 22 33 36.47 -02 31 35.5          19.7 R      300
     A01757  1C2009 08 24.65194 22 33 36.28 -02 31 36.5          19.8 R      300
     A01757  1C2009 08 24.65734 22 33 35.90 -02 31 37.4          19.9 R      300
     A01757  1C2009 08 24.66273 22 33 35.44 -02 31 38.2          19.2 R      300
     A01757  1C2009 08 24.66812 22 33 35.11 -02 31 39.3          19.3 R      300
     A01758  1C2009 08 24.74929 22 47 11.87 -01 57 33.3          20.9 R      300
     A01758  1C2009 08 24.75648 22 47 11.49 -01 57 35.1          21.0 R      300
     A01758  1C2009 08 24.76367 22 47 11.06 -01 57 36.1          20.8 R      300
     A01758  1C2009 08 24.77087 22 47 10.81 -01 57 37.4          20.6 R      300
     A01760  1C2009 08 24.74929 22 49 16.20 -01 56 47.7          19.9 R      300
     A01760  1C2009 08 24.75648 22 49 15.84 -01 56 50.4          19.7 R      300
     A01760  1C2009 08 24.76367 22 49 15.53 -01 56 53.4          19.7 R      300
     A01760  1C2009 08 24.77087 22 49 15.07 -01 56 58.3          19.7 R      300
     A01761  1C2009 08 24.74929 22 47 06.13 -01 40 13.3          19.3 R      300
     A01761  1C2009 08 24.75648 22 47 05.79 -01 40 14.8          19.1 R      300
     A01761  1C2009 08 24.76367 22 47 05.46 -01 40 15.1          19.1 R      300
     A01761  1C2009 08 24.77087 22 47 05.14 -01 40 17.2          19.1 R      300
     A01762  1C2009 08 24.74929 22 47 06.90 -01 50 34.2          20.4 R      300
     A01762  1C2009 08 24.75648 22 47 06.54 -01 50 34.5          20.4 R      300
     A01762  1C2009 08 24.76367 22 47 06.06 -01 50 34.4          20.3 R      300
     A01762  1C2009 08 24.77087 22 47 05.75 -01 50 33.9          20.2 R      300
     A01763  1C2009 08 24.74929 22 46 40.97 -01 40 58.4          20.4 R      300
     A01763  1C2009 08 24.75648 22 46 40.63 -01 41 00.1          20.3 R      300
     A01763  1C2009 08 24.76367 22 46 40.21 -01 41 01.0          19.9 R      300
     A01763  1C2009 08 24.77087 22 46 39.97 -01 41 01.8          19.8 R      300
     A01765  1C2009 08 24.74929 22 50 13.45 -02 02 57.9          20.6 R      300
     A01765  1C2009 08 24.75648 22 50 13.20 -02 02 59.6          20.6 R      300
     A01765  1C2009 08 24.76367 22 50 13.08 -02 03 01.0          20.5 R      300
     A01765  1C2009 08 24.77087 22 50 12.52 -02 03 03.5          20.4 R      300
     A01767  1C2009 08 24.74929 22 49 38.93 -01 55 50.4          20.2 R      300
     A01767  1C2009 08 24.75648 22 49 38.63 -01 55 52.0          20.2 R      300
     A01767  1C2009 08 24.76367 22 49 38.30 -01 55 53.7          20.1 R      300
     A01767  1C2009 08 24.77087 22 49 37.92 -01 55 55.8          20.6 R      300
     A01770  1C2009 08 24.74929 22 47 18.80 -02 26 18.3          19.7 R      300
     A01770  1C2009 08 24.75648 22 47 18.47 -02 26 22.0          19.7 R      300
     A01770  1C2009 08 24.76367 22 47 18.11 -02 26 25.5          19.5 R      300
     A01770  1C2009 08 24.77087 22 47 17.83 -02 26 28.5          19.9 R      300
     A01772  1C2009 08 25.62149 22 43 01.29 -05 48 48.0          18.5 R      300
     A01772  1C2009 08 25.62687 22 43 01.16 -05 48 50.3          19.0 R      300
     A01772  1C2009 08 25.63227 22 43 00.94 -05 48 51.9          19.0 R      300
     A01772  1C2009 08 25.63767 22 43 00.66 -05 48 52.7          18.7 R      300
     A01772  1C2009 08 25.64307 22 43 00.40 -05 48 54.5          19.0 R      300
     A01774  1C2009 08 25.63227 22 41 38.21 -04 56 38.4          18.4 R      300
     A01774  1C2009 08 25.63767 22 41 37.94 -04 56 39.1          18.6 R      300
     A01774  1C2009 08 25.64307 22 41 37.59 -04 56 41.1          18.5 R      300
     A01775  1C2009 08 25.62149 22 41 18.32 -04 54 00.3          18.8 R      300
     A01775  1C2009 08 25.62687 22 41 17.92 -04 54 01.3          18.6 R      300
     A01775  1C2009 08 25.63227 22 41 17.67 -04 54 02.1          18.6 R      300
     A01775  1C2009 08 25.63767 22 41 17.38 -04 54 02.6          18.7 R      300
     A01775  1C2009 08 25.64307 22 41 16.97 -04 54 03.1          18.4 R      300
     A01776  1C2009 08 25.62149 22 40 22.47 -05 01 38.7          19.0 R      300
     A01776  1C2009 08 25.62687 22 40 22.07 -05 01 36.9          18.9 R      300
     A01776  1C2009 08 25.63227 22 40 21.87 -05 01 38.8          18.8 R      300
     A01776  1C2009 08 25.63767 22 40 21.49 -05 01 39.0          18.7 R      300
     A01776  1C2009 08 25.64307 22 40 21.13 -05 01 38.2          18.6 R      300
     A01777  1C2009 08 25.63227 22 43 12.90 -04 28 44.0          19.3 R      300
     A01777  1C2009 08 25.63767 22 43 12.61 -04 28 45.1          19.5 R      300
     A01777  1C2009 08 25.64307 22 43 12.23 -04 28 45.2          19.3 R      300
     A01778  1C2009 08 25.67080 22 47 40.50 -02 56 16.5          19.6 R      300
     A01778  1C2009 08 25.68260 22 47 39.83 -02 56 13.0          19.8 R      300
     A01778  1C2009 08 25.68851 22 47 39.41 -02 56 10.5          19.2 R      300
     A01779  1C2009 08 25.72983 22 47 55.27 -04 50 39.3          18.8 R      300
     A01779  1C2009 08 25.73573 22 47 54.98 -04 50 40.5          19.3 R      300
     A01779  1C2009 08 25.74162 22 47 54.74 -04 50 43.1          19.2 R      300
     A01779  1C2009 08 25.74753 22 47 54.48 -04 50 45.2          19.5 R      300
     A01784  1C2009 08 31.75378 00 58 21.92 +12 34 18.8          20.2 R      300
     A01784  1C2009 08 31.75911 00 58 21.85 +12 34 20.0          19.9 R      300
     A01784  1C2009 08 31.76444 00 58 21.81 +12 34 18.5          20.2 R      300
     A01784  1C2009 08 31.76977 00 58 21.76 +12 34 18.2          20.0 R      300
     A01784  1C2009 08 31.77508 00 58 21.68 +12 34 18.3          20.1 R      300
     A01787  1C2009 09 01.61618 23 18 29.49 -00 23 08.0          19.3 R      300
     A01787  1C2009 09 01.62103 23 18 29.10 -00 23 08.5          18.9 R      300
     A01787  1C2009 09 01.62590 23 18 28.52 -00 23 09.9          18.1 R      300
     A01787  1C2009 09 01.63076 23 18 28.73 -00 23 10.2          18.9 R      300
     K02QB7Q 1C2009 08 14.60957 21 15 34.96 -07 58 39.6          19.9 R      300
     K02QB7Q 1C2009 08 14.61705 21 15 34.55 -07 58 43.1          20.2 R      300
     K02QB7Q 1C2009 08 14.62453 21 15 34.18 -07 58 46.3          20.4 R      300
     K02QB7Q 1C2009 08 14.63201 21 15 33.77 -07 58 51.1          20.2 R      300
     K02T74L 1C2009 09 01.61618 23 18 46.82 -00 22 57.5          18.0 R      300
     K02T74L 1C2009 09 01.62103 23 18 46.40 -00 22 57.2          18.6 R      300
     K02T74L 1C2009 09 01.62590 23 18 45.80 -00 22 57.4          19.2 R      300
     K02T74L 1C2009 09 01.63076 23 18 46.01 -00 22 55.8          19.2 R      300
     K02TA3R 1C2009 08 24.57428 22 27 24.91 -03 21 14.8          18.9 R      300
     K02TA3R 1C2009 08 24.58275 22 27 24.63 -03 21 15.9          18.8 R      300
     K02TA3R 1C2009 08 24.58816 22 27 24.36 -03 21 17.1          18.8 R      300
     K02TA3R 1C2009 08 24.59287 22 27 24.11 -03 21 17.9          18.9 R      300
     K02TA3R 1C2009 08 24.59826 22 27 23.81 -03 21 18.9          19.0 R      300
     K04J27F 1C2009 08 14.60957 21 13 26.71 -07 18 05.5          20.0 R      300
     K04J27F 1C2009 08 14.61705 21 13 26.29 -07 18 08.7          20.1 R      300
     K04J27F 1C2009 08 14.62453 21 13 25.89 -07 18 11.1          19.6 R      300
     K04J27F 1C2009 08 14.63201 21 13 25.49 -07 18 12.8          19.6 R      300
     K04RW3B 1C2009 09 01.61618 23 18 10.27 -01 05 31.4          18.4 R      300
     K04RW3B 1C2009 09 01.62103 23 18 09.78 -01 05 32.1          18.5 R      300
     K04RW3B 1C2009 09 01.62590 23 18 09.11 -01 05 32.4          18.3 R      300
     K04RW3B 1C2009 09 01.63076 23 18 09.21 -01 05 32.3          19.3 R      300
     K05V26P 1C2009 08 24.74929 22 50 20.28 -03 03 54.0          18.9 R      300
     K05V26P 1C2009 08 24.75648 22 50 19.93 -03 03 55.8          19.0 R      300
     K05V26P 1C2009 08 24.76367 22 50 19.60 -03 03 57.2          18.9 R      300
     K05V26P 1C2009 08 24.77087 22 50 19.25 -03 03 58.5          19.1 R      300
     K06W02F 1C2009 08 25.62149 22 43 42.30 -04 38 32.0          19.0 R      300
     K06W02F 1C2009 08 25.62687 22 43 41.89 -04 38 31.9          19.0 R      300
     K06W02F 1C2009 08 25.63227 22 43 41.57 -04 38 32.8          18.9 R      300
     K06W02F 1C2009 08 25.63767 22 43 41.25 -04 38 33.2          18.8 R      300
     K06W02F 1C2009 08 25.64307 22 43 40.90 -04 38 33.0          18.9 R      300
     K06Y15C 1C2009 09 01.61618 23 18 57.73 -00 29 03.2          20.7 R      300
     K06Y15C 1C2009 09 01.62347 23 18 57.36 -00 29 03.5          21.4 R      300
     K06Y15C 1C2009 09 01.63076 23 18 56.83 -00 29 05.3          20.6 R      300
     K06Y15C 1C2009 09 01.63885 23 18 56.46 -00 29 07.6          20.7 R      300
     K09O03J 1C2009 07 15.68821 20 40 08.49 -17 17 17.5          20.7 R      300
     K09O03J 1C2009 07 15.69139 20 40 08.24 -17 17 21.8          21.0 R      300
     K09O03J 1C2009 07 15.69457 20 40 08.00 -17 17 27.2          22.6 R      300
     K09P05T 1C2009 09 01.61618 23 22 13.16 -01 43 23.8          20.0 R      300
     K09P05T 1C2009 09 01.62347 23 22 12.74 -01 43 23.5          20.4 R      300
     K09P05T 1C2009 09 01.63076 23 22 12.14 -01 43 23.1          19.7 R      300
     K09P05T 1C2009 09 01.63804 23 22 11.81 -01 43 23.7          19.8 R      300
     K09P11X 1C2009 08 24.64655 22 33 54.62 -02 02 42.7          19.8 R      300
     K09P11X 1C2009 08 24.65194 22 33 54.40 -02 02 45.0          19.9 R      300
     K09P11X 1C2009 08 24.65734 22 33 54.15 -02 02 47.2          19.9 R      300
     K09P11X 1C2009 08 24.66273 22 33 53.92 -02 02 50.2          19.7 R      300
     K09P11X 1C2009 08 24.66812 22 33 53.76 -02 02 52.3          20.0 R      300
     K09P15L 1C2009 09 01.61618 23 21 27.04 -00 56 30.6          17.9 R      300
     K09P15L 1C2009 09 01.62103 23 21 26.63 -00 56 30.7          18.0 R      300
     K09P15L 1C2009 09 01.62590 23 21 25.98 -00 56 31.1          17.6 R      300
     K09P15L 1C2009 09 01.63076 23 21 26.12 -00 56 30.9          18.2 R      300
     K09P16U 1C2009 08 24.74929 22 46 43.14 -01 54 11.1          19.3 R      300
     K09P16U 1C2009 08 24.75648 22 46 42.85 -01 54 13.6          19.3 R      300
     K09P16U 1C2009 08 24.76367 22 46 42.43 -01 54 16.5          19.1 R      300
     K09P16U 1C2009 08 24.77087 22 46 42.19 -01 54 19.3          19.2 R      300
     K09Q27T 1C2009 08 25.58223 22 37 01.26 -04 51 47.1          18.3 R      300
     K09Q27T 1C2009 08 25.58738 22 37 01.13 -04 51 50.3          18.3 R      300
     K09Q27T 1C2009 08 25.59256 22 37 00.93 -04 51 53.6          18.3 R      300
     K09Q27T 1C2009 08 25.59771 22 37 00.75 -04 51 56.8          18.4 R      300
     K09Q27T 1C2009 08 25.60804 22 37 00.36 -04 52 02.6          18.4 R      300
     K09Q40V 1C2009 08 24.74929 22 48 16.61 -02 58 31.8          20.3 R      300
     K09Q40V 1C2009 08 24.75648 22 48 16.26 -02 58 33.6          20.5 R      300
     K09Q40V 1C2009 08 24.76367 22 48 15.84 -02 58 34.8          20.1 R      300
     K09Q40V 1C2009 08 24.77087 22 48 15.55 -02 58 36.4          20.4 R      300
     K09Q43T 1C2009 08 24.74929 22 48 55.56 -03 11 10.7          20.3 R      300
     K09Q43T 1C2009 08 24.75648 22 48 55.29 -03 11 13.1          20.5 R      300
     K09Q43T 1C2009 08 24.76367 22 48 54.94 -03 11 16.5          20.2 R      300
     K09Q43T 1C2009 08 24.77087 22 48 54.63 -03 11 18.3          20.4 R      300
     K09Q44W 1C2009 09 01.61618 23 18 55.44 -00 15 09.5          21.1 R      300
     K09Q44W 1C2009 09 01.62347 23 18 54.99 -00 15 10.6          20.3 R      300
     K09Q44W 1C2009 09 01.63076 23 18 54.46 -00 15 11.3          20.5 R      300
     K09Q44W 1C2009 09 01.63885 23 18 54.07 -00 15 11.4          20.6 R      300
     K09Q44Z 1C2009 09 01.61618 23 22 00.17 -01 01 15.7          21.2 R      300
     K09Q44Z 1C2009 09 01.62347 23 21 59.85 -01 01 16.5          21.3 R      300
     K09Q44Z 1C2009 09 01.63076 23 21 59.35 -01 01 18.2          21.2 R      300
     K09Q44Z 1C2009 09 01.63885 23 21 59.09 -01 01 19.0          21.3 R      300
     K09Q48K 1C2009 08 25.72392 22 48 39.02 -03 39 49.9          18.5 R      300
     K09Q48K 1C2009 08 25.72983 22 48 38.76 -03 39 53.6          18.4 R      300
     K09Q48K 1C2009 08 25.73573 22 48 38.62 -03 39 59.3          18.3 R      300
