     A03082  1C2010 01 24.71367 09 29 02.68 +14 17 39.8          20.8 R      300
     A03082  1C2010 01 24.71804 09 29 02.41 +14 17 41.0          20.7 R      300
     A03082  1C2010 01 24.72209 09 29 02.26 +14 17 42.5          20.8 R      300
     A03082  1C2010 01 24.72609 09 29 02.01 +14 17 43.8          20.9 R      300
     A03082  1C2010 01 24.73009 09 29 01.84 +14 17 45.3          21.6 R      300
     A03082 *1C2010 01 25.76650 09 28 07.20 +14 23 48.0          21.0 R      300
     A03082  1C2010 01 25.77205 09 28 06.87 +14 23 49.3          20.8 R      300
     A03082  1C2010 01 25.77701 09 28 06.56 +14 23 52.2          21.1 R      300
     A03082  1C2010 01 25.78196 09 28 06.34 +14 23 53.2          20.7 R      300
     A03084  1C2010 01 24.71367 09 27 33.55 +15 17 30.8          20.5 R      300
     A03084  1C2010 01 24.71804 09 27 33.31 +15 17 32.7          20.6 R      300
     A03084  1C2010 01 24.72209 09 27 33.19 +15 17 34.4          20.6 R      300
     A03084  1C2010 01 24.72609 09 27 32.96 +15 17 36.1          20.8 R      300
     A03084  1C2010 01 24.73009 09 27 32.74 +15 17 37.5          20.5 R      300
     A03084 *1C2010 01 25.76650 09 26 43.90 +15 24 37.8          20.5 R      300
     A03084  1C2010 01 25.77205 09 26 43.71 +15 24 40.3          20.7 R      300
     A03084  1C2010 01 25.77701 09 26 43.43 +15 24 42.1          20.6 R      300
     A03084  1C2010 01 25.78196 09 26 43.23 +15 24 44.0          20.5 R      300
     A03085  1C2010 01 24.71367 09 26 36.95 +15 20 10.4          20.8 R      300
     A03085  1C2010 01 24.71804 09 26 36.73 +15 20 12.1          20.7 R      300
     A03085  1C2010 01 24.72209 09 26 36.57 +15 20 14.8          20.6 R      300
     A03085  1C2010 01 24.72609 09 26 36.41 +15 20 16.4          20.7 R      300
     A03085  1C2010 01 24.73009 09 26 36.07 +15 20 16.4          20.5 R      300
     A03085 *1C2010 01 25.76650 09 25 46.00 +15 26 43.3          20.8 R      300
     A03085  1C2010 01 25.77205 09 25 45.68 +15 26 45.7          21.0 R      300
     A03085  1C2010 01 25.77701 09 25 45.40 +15 26 45.9          20.8 R      300
     A03085  1C2010 01 25.78196 09 25 45.14 +15 26 48.1          21.0 R      300
     A03035 * C2010 01 23.68515 09 30 42.63 +20 19 08.7          16.3 R      300
     A03035   C2010 01 23.69349 09 30 42.13 +20 19 12.5          19.5 R      300
     A03035   C2010 01 23.70182 09 30 41.64 +20 19 17.5          19.3 R      300
     A03035   C2010 01 23.71014 09 30 41.04 +20 19 20.7          18.9 R      300
     A03035  1C2010 01 26.76952 09 27 42.55 +20 45 14.0          20.0 R      300
     A03035  1C2010 01 26.77516 09 27 42.21 +20 45 16.7          20.0 R      300
     A03035  1C2010 01 26.78017 09 27 41.86 +20 45 18.7          20.1 R      300
     A03035  1C2010 01 26.78515 09 27 41.55 +20 45 20.9          20.0 R      300
     A03037 * C2010 01 23.68515 09 29 36.44 +21 17 18.0          19.4 R      300
     A03037   C2010 01 23.69349 09 29 35.87 +21 17 19.0          19.4 R      300
     A03037   C2010 01 23.70182 09 29 35.31 +21 17 18.4          19.0 R      300
     A03037   C2010 01 23.71014 09 29 34.78 +21 17 18.3          19.4 R      300
     A03037   C2010 01 23.71849 09 29 34.15 +21 17 18.6          19.5 R      300
     A03037  1C2010 01 26.76952 09 26 30.21 +21 19 01.3          20.2 R      300
     A03037  1C2010 01 26.77516 09 26 29.92 +21 19 02.0          20.0 R      300
     A03037  1C2010 01 26.78017 09 26 29.41 +21 19 01.7          19.8 R      300
     A03037  1C2010 01 26.78515 09 26 29.14 +21 19 01.6          19.7 R      300
     A03002 *1C2010 01 21.62599 08 23 20.04 +20 36 55.2          20.8 R      300
     A03002  1C2010 01 21.63198 08 23 19.72 +20 36 56.3          20.8 R      300
     A03002  1C2010 01 21.63798 08 23 19.06 +20 36 58.6          20.4 R      300
     A03002  1C2010 01 21.64198 08 23 18.94 +20 36 59.2          20.0 R      300
     A03002  1C2010 01 21.64397 08 23 18.87 +20 36 59.7          20.7 R      300
     A03002  1C2010 01 21.64997 08 23 18.47 +20 37 03.0          20.8 R      300
     A03002  1C2010 01 26.80520 08 17 57.61 +21 04 18.8          20.7 R      300
     A03002  1C2010 01 26.81069 08 17 57.39 +21 04 20.8          20.8 R      300
     A03002  1C2010 01 26.81568 08 17 57.12 +21 04 22.0          21.1 R      300
     A03002  1C2010 01 26.82064 08 17 56.92 +21 04 22.0          20.8 R      300
     A03021 *1C2010 01 22.76218 08 21 26.58 +20 26 00.9          20.1 R      300
     A03021  1C2010 01 22.76452 08 21 26.47 +20 26 00.6          19.6 R      300
     A03021  1C2010 01 22.76687 08 21 26.34 +20 26 02.0          19.6 R      300
     A03021  1C2010 01 22.77156 08 21 26.00 +20 26 02.8          18.1 R      300
     A03021  1C2010 01 22.77391 08 21 25.93 +20 26 05.1          19.7 R      300
     A03021  1C2010 01 22.77626 08 21 25.82 +20 26 06.3          20.1 R      300
     A03021  1C2010 01 22.77860 08 21 25.74 +20 26 06.5          19.9 R      300
     A03021  1C2010 01 22.78095 08 21 25.71 +20 26 07.3          20.5 R      300
     A03021  1C2010 01 22.78330 08 21 25.55 +20 26 08.2          20.4 R      300
     A03021  1C2010 01 22.78565 08 21 25.38 +20 26 09.0          20.0 R      300
     A03021  1C2010 01 22.78800 08 21 25.32 +20 26 09.7          19.8 R      300
     A03021  1C2010 01 22.79034 08 21 25.20 +20 26 11.0          20.3 R      300
     A03021  1C2010 01 22.79503 08 21 24.95 +20 26 13.6          20.0 R      300
     A03021  1C2010 01 22.79737 08 21 24.76 +20 26 13.9          19.5 R      300
     A03021  1C2010 01 26.80520 08 18 03.43 +20 52 35.4          20.9 R      300
     A03021  1C2010 01 26.81069 08 18 03.07 +20 52 38.1          21.2 R      300
     A03021  1C2010 01 26.81568 08 18 02.83 +20 52 39.7          21.2 R      300
     A03021  1C2010 01 26.82064 08 18 02.58 +20 52 41.1          21.1 R      300
     A03091 *1C2010 01 26.76952 09 25 22.96 +20 57 43.0          20.4 R      300
     A03091  1C2010 01 26.77516 09 25 22.62 +20 57 46.0          20.7 R      300
     A03091  1C2010 01 26.78017 09 25 22.39 +20 57 45.9          20.5 R      300
     A03091  1C2010 01 26.78515 09 25 22.06 +20 57 48.9          20.9 R      300
     A03092 *1C2010 01 26.76952 09 26 16.64 +20 42 28.8          19.6 R      300
     A03092  1C2010 01 26.77516 09 26 16.28 +20 42 29.1          19.8 R      300
     A03092  1C2010 01 26.78017 09 26 15.96 +20 42 29.4          19.7 R      300
     A03092  1C2010 01 26.78515 09 26 15.63 +20 42 29.3          19.5 R      300
     A03093 *1C2010 01 26.80520 08 19 04.69 +20 38 36.6          19.8 R      300
     A03093  1C2010 01 26.81069 08 19 04.24 +20 38 36.6          20.1 R      300
     A03093  1C2010 01 26.81568 08 19 03.93 +20 38 36.7          20.3 R      300
     A03093  1C2010 01 26.82064 08 19 03.65 +20 38 37.3          20.4 R      300
     A03093  1C2010 01 26.82064 08 19 03.65 +20 38 37.3          20.4 R      300
