J7082         C2015 01 26.28658 08 18 56.56 +18 40 40.19         20.2 r      568
J7082         C2015 01 26.31717 08 18 54.86 +18 40 45.53         20.1 r      568
J7082         C2015 01 26.34166 08 18 53.49 +18 40 49.80         20.3 r      568
J7082         C2015 01 26.36893 08 18 51.98 +18 40 54.44         20.1 r      568
J7082         C2015 01 26.39363 08 18 50.59 +18 40 58.66         20.1 r      568
m9434         C2015 01 26.28658 08 19 29.77 +18 46 04.01         21.5 r      568
m9434         C2015 01 26.31717 08 19 27.78 +18 46 09.62         21.6 r      568
m9434         C2015 01 26.34166 08 19 26.18 +18 46 14.11         21.6 r      568
m9434         C2015 01 26.36893 08 19 24.39 +18 46 19.05         21.6 r      568
m9434         C2015 01 26.39363 08 19 22.76 +18 46 23.45         21.6 r      568
o7192         C2015 01 26.28658 08 19 41.13 +18 51 11.99         21.7 r      568
o7192         C2015 01 26.31717 08 19 39.00 +18 51 19.28         21.8 r      568
o7192         C2015 01 26.34166 08 19 37.29 +18 51 25.12         21.8 r      568
o7192         C2015 01 26.36893 08 19 35.38 +18 51 31.53         21.7 r      568
o7192         C2015 01 26.39363 08 19 33.64 +18 51 37.27         21.7 r      568
15084         C2015 01 26.31717 08 18 12.54 +18 55 20.78         18.2 r      568
15084         C2015 01 26.34166 08 18 11.27 +18 55 26.25         18.3 r      568
15084         C2015 01 26.36893 08 18 09.86 +18 55 32.33         18.3 r      568
15084         C2015 01 26.39363 08 18 08.57 +18 55 37.79         18.5 r      568
77798         C2015 01 26.31717 08 19 54.73 +18 30 41.18         19.0 r      568
77798         C2015 01 26.34166 08 19 53.09 +18 30 33.54         20.0 r      568
77798         C2015 01 26.36893 08 19 51.23 +18 30 26.57         17.9 r      568
77798         C2015 01 26.39363 08 19 49.49 +18 30 19.40         17.8 r      568
     H000000  C2015 01 26.28658 08 18 20.16 +18 28 21.08         24.2 r      568
     H000000  C2015 01 26.31717 08 18 18.13 +18 28 27.64         24.3 r      568
     H000000  C2015 01 26.34166 08 18 16.49 +18 28 32.60         23.7 r      568
     H000000  C2015 01 26.36893 08 18 14.66 +18 28 38.57         24.6 r      568
     H000000  C2015 01 26.39363 08 18 13.01 +18 28 43.71         24.0 r      568
     H000001  C2015 01 26.28658 08 19 35.90 +18 29 00.11         23.7 r      568
     H000001  C2015 01 26.31717 08 19 34.23 +18 29 06.01         23.1 r      568
     H000001  C2015 01 26.34166 08 19 32.95 +18 29 10.73         23.7 r      568
     H000001  C2015 01 26.36893 08 19 31.50 +18 29 15.92         23.7 r      568
     H000001  C2015 01 26.39363 08 19 30.18 +18 29 20.57         24.2 r      568
     H000002  C2015 01 26.28658 08 18 57.30 +18 30 22.06         21.6 r      568
     H000002  C2015 01 26.31717 08 18 55.64 +18 30 22.88         21.6 r      568
     H000002  C2015 01 26.34166 08 18 54.31 +18 30 23.49         21.6 r      568
     H000002  C2015 01 26.36893 08 18 52.83 +18 30 24.18         21.6 r      568
     H000002  C2015 01 26.39363 08 18 51.48 +18 30 24.78         21.6 r      568
     H000003  C2015 01 26.28658 08 18 58.17 +18 30 31.44         23.5 r      568
     H000003  C2015 01 26.31717 08 18 56.69 +18 30 38.04         23.1 r      568
     H000003  C2015 01 26.34166 08 18 55.52 +18 30 43.29         23.5 r      568
     H000003  C2015 01 26.36893 08 18 54.18 +18 30 49.25         23.7 r      568
     H000003  C2015 01 26.39363 08 18 52.98 +18 30 54.59         23.9 r      568
     H000004  C2015 01 26.28658 08 18 33.84 +18 33 44.53         22.6 r      568
     H000004  C2015 01 26.31717 08 18 31.86 +18 33 52.52         22.6 r      568
     H000004  C2015 01 26.34166 08 18 30.27 +18 33 58.87         22.6 r      568
     H000004  C2015 01 26.36893 08 18 28.48 +18 34 05.93         22.6 r      568
     H000004  C2015 01 26.39363 08 18 26.87 +18 34 12.26         22.6 r      568
     H000005  C2015 01 26.28658 08 18 45.95 +18 33 59.24         21.7 r      568
     H000005  C2015 01 26.31717 08 18 43.98 +18 34 05.22         21.9 r      568
     H000005  C2015 01 26.34166 08 18 42.38 +18 34 09.98         22.3 r      568
     H000005  C2015 01 26.36893 08 18 40.62 +18 34 15.24         21.8 r      568
     H000005  C2015 01 26.39363 08 18 39.02 +18 34 19.83         21.9 r      568
     H000006  C2015 01 26.28658 08 19 32.31 +18 34 40.09         23.3 r      568
     H000006  C2015 01 26.31717 08 19 30.63 +18 34 47.45         23.3 r      568
     H000006  C2015 01 26.34166 08 19 29.27 +18 34 53.36         23.1 r      568
     H000006  C2015 01 26.36893 08 19 27.76 +18 34 59.83         23.2 r      568
     H000006  C2015 01 26.39363 08 19 26.39 +18 35 05.58         23.7 r      568
     H000007  C2015 01 26.28658 08 19 38.39 +18 35 55.46         22.5 r      568
     H000007  C2015 01 26.31717 08 19 36.71 +18 35 55.51         22.5 r      568
     H000007  C2015 01 26.34166 08 19 35.33 +18 35 55.63         23.3 r      568
     H000007  C2015 01 26.36893 08 19 33.85 +18 35 55.50         22.5 r      568
     H000007  C2015 01 26.39363 08 19 32.48 +18 35 55.44         22.4 r      568
     H000008  C2015 01 26.28658 08 18 50.92 +18 36 38.98         23.1 r      568
     H000008  C2015 01 26.31717 08 18 49.27 +18 36 40.56         23.0 r      568
     H000008  C2015 01 26.34166 08 18 47.95 +18 36 41.36         24.2 r      568
     H000008  C2015 01 26.36893 08 18 46.48 +18 36 42.96         22.8 r      568
     H000008  C2015 01 26.39363 08 18 45.13 +18 36 44.07         22.8 r      568
     H000009  C2015 01 26.28658 08 19 30.43 +18 37 03.77         23.7 r      568
     H000009  C2015 01 26.31717 08 19 28.17 +18 37 08.68         23.0 r      568
     H000009  C2015 01 26.34166 08 19 26.53 +18 37 11.44         23.3 r      568
     H000009  C2015 01 26.36893 08 19 24.71 +18 37 14.48         23.1 r      568
     H000009  C2015 01 26.39363 08 19 23.05 +18 37 17.21         23.1 r      568
     H000010  C2015 01 26.28658 08 19 30.21 +18 37 09.00         23.3 r      568
     H000010  C2015 01 26.31717 08 19 28.17 +18 37 08.68         23.0 r      568
     H000010  C2015 01 26.34166 08 19 26.53 +18 37 11.44         23.3 r      568
     H000010  C2015 01 26.36893 08 19 24.71 +18 37 14.48         23.1 r      568
     H000010  C2015 01 26.39363 08 19 23.05 +18 37 17.21         23.1 r      568
     H000011  C2015 01 26.28658 08 18 44.17 +18 39 24.38         22.1 r      568
     H000011  C2015 01 26.31717 08 18 42.19 +18 39 31.98         22.1 r      568
     H000011  C2015 01 26.34166 08 18 40.58 +18 39 38.11         22.2 r      568
     H000011  C2015 01 26.36893 08 18 38.81 +18 39 44.77         22.2 r      568
     H000011  C2015 01 26.39363 08 18 37.18 +18 39 50.87         22.1 r      568
     H000012  C2015 01 26.28658 08 19 10.65 +18 40 24.53         20.8 r      568
     H000012  C2015 01 26.31717 08 19 08.98 +18 40 29.18         20.7 r      568
     H000012  C2015 01 26.34166 08 19 07.64 +18 40 32.86         20.7 r      568
     H000012  C2015 01 26.36893 08 19 06.14 +18 40 36.94         20.9 r      568
     H000012  C2015 01 26.39363 08 19 04.77 +18 40 40.60         21.0 r      568
     H000013  C2015 01 26.28658 08 19 45.55 +18 40 21.46         23.2 r      568
     H000013  C2015 01 26.31717 08 19 43.87 +18 40 29.13         23.6 r      568
     H000013  C2015 01 26.34166 08 19 42.50 +18 40 35.13         23.3 r      568
     H000013  C2015 01 26.36893 08 19 40.98 +18 40 41.81         23.3 r      568
     H000013  C2015 01 26.39363 08 19 39.60 +18 40 47.88         23.1 r      568
     H000015  C2015 01 26.28658 08 19 06.37 +18 41 02.92         24.1 r      568
     H000015  C2015 01 26.31717 08 19 04.75 +18 41 07.86         24.1 r      568
     H000015  C2015 01 26.34166 08 19 03.46 +18 41 11.82         23.8 r      568
     H000015  C2015 01 26.36893 08 19 01.99 +18 41 16.17         23.7 r      568
     H000015  C2015 01 26.39363 08 19 00.67 +18 41 20.14         23.8 r      568
     H000016  C2015 01 26.28658 08 18 49.40 +18 42 26.70         21.4 r      568
     H000016  C2015 01 26.31717 08 18 47.62 +18 42 38.99         21.4 r      568
     H000016  C2015 01 26.34166 08 18 46.21 +18 42 48.94         21.6 r      568
     H000016  C2015 01 26.36893 08 18 44.60 +18 42 59.68         21.4 r      568
     H000016  C2015 01 26.39363 08 18 43.16 +18 43 09.60         21.4 r      568
     H000017  C2015 01 26.28658 08 18 33.87 +18 42 32.08         23.5 r      568
     H000017  C2015 01 26.31717 08 18 32.28 +18 42 41.47         23.8 r      568
     H000017  C2015 01 26.34166 08 18 30.97 +18 42 49.07         23.9 r      568
     H000017  C2015 01 26.36893 08 18 29.55 +18 42 57.41         23.5 r      568
     H000017  C2015 01 26.39363 08 18 28.24 +18 43 04.94         23.9 r      568
     H000018  C2015 01 26.28658 08 19 53.69 +18 44 02.67         21.3 r      568
     H000018  C2015 01 26.31717 08 19 51.99 +18 44 03.03         21.2 r      568
     H000018  C2015 01 26.34166 08 19 50.63 +18 44 03.29         21.3 r      568
     H000018  C2015 01 26.36893 08 19 49.10 +18 44 03.53         21.4 r      568
     H000018  C2015 01 26.39363 08 19 47.71 +18 44 03.73         21.2 r      568
     H000019  C2015 01 26.28658 08 19 48.70 +18 44 05.44         20.4 r      568
     H000019  C2015 01 26.31717 08 19 47.10 +18 44 11.25         20.3 r      568
     H000019  C2015 01 26.34166 08 19 45.82 +18 44 15.84         20.3 r      568
     H000019  C2015 01 26.36893 08 19 44.38 +18 44 20.96         20.3 r      568
     H000019  C2015 01 26.39363 08 19 43.09 +18 44 25.45         20.5 r      568
     H000020  C2015 01 26.28658 08 18 57.04 +18 44 09.08         21.6 r      568
     H000020  C2015 01 26.31717 08 18 55.38 +18 44 10.79         21.7 r      568
     H000020  C2015 01 26.34166 08 18 54.04 +18 44 12.28         21.9 r      568
     H000020  C2015 01 26.36893 08 18 52.55 +18 44 13.68         21.7 r      568
     H000020  C2015 01 26.39363 08 18 51.19 +18 44 15.05         21.7 r      568
     H000021  C2015 01 26.28658 08 18 06.20 +18 45 06.85         23.0 r      568
     H000021  C2015 01 26.31717 08 18 04.36 +18 45 14.91         22.8 r      568
     H000021  C2015 01 26.34166 08 18 02.89 +18 45 21.32         22.9 r      568
     H000021  C2015 01 26.36893 08 18 01.24 +18 45 28.45         22.7 r      568
     H000021  C2015 01 26.39363 08 17 59.75 +18 45 34.80         22.9 r      568
     H000023  C2015 01 26.28658 08 18 38.83 +18 46 38.71         20.7 r      568
     H000023  C2015 01 26.31717 08 18 36.83 +18 46 40.94         20.6 r      568
     H000023  C2015 01 26.34166 08 18 35.23 +18 46 42.71         20.6 r      568
     H000023  C2015 01 26.36893 08 18 33.43 +18 46 44.88         20.6 r      568
     H000023  C2015 01 26.39363 08 18 31.82 +18 46 46.43         20.5 r      568
     H000024  C2015 01 26.28658 08 18 03.91 +18 47 14.38         20.9 r      568
     H000024  C2015 01 26.31717 08 18 02.28 +18 47 16.17         21.0 r      568
     H000024  C2015 01 26.34166 08 18 00.97 +18 47 17.48         20.9 r      568
     H000024  C2015 01 26.36893 08 17 59.50 +18 47 19.02         20.9 r      568
     H000024  C2015 01 26.39363 08 17 58.17 +18 47 20.37         20.9 r      568
     H000025  C2015 01 26.28658 08 18 59.05 +18 47 45.16         23.3 r      568
     H000025  C2015 01 26.31717 08 18 57.37 +18 47 59.13         23.1 r      568
     H000025  C2015 01 26.34166 08 18 56.00 +18 48 10.42         23.2 r      568
     H000025  C2015 01 26.36893 08 18 54.48 +18 48 23.00         23.3 r      568
     H000025  C2015 01 26.39363 08 18 53.09 +18 48 34.31         23.4 r      568
     H000026  C2015 01 26.28658 08 19 26.52 +18 52 08.05         21.4 r      568
     H000026  C2015 01 26.31717 08 19 24.70 +18 52 15.38         21.6 r      568
     H000026  C2015 01 26.34166 08 19 23.26 +18 52 21.14         22.0 r      568
     H000026  C2015 01 26.36893 08 19 21.60 +18 52 27.74         21.3 r      568
     H000026  C2015 01 26.39363 08 19 20.12 +18 52 33.57         21.6 r      568
     H000027  C2015 01 26.28658 08 19 35.60 +18 51 48.40         23.6 r      568
     H000027  C2015 01 26.31717 08 19 33.69 +18 51 50.51         23.4 r      568
     H000027  C2015 01 26.34166 08 19 32.13 +18 51 52.14         23.2 r      568
     H000027  C2015 01 26.36893 08 19 30.41 +18 51 54.01         23.4 r      568
     H000027  C2015 01 26.39363 08 19 28.83 +18 51 55.62         23.4 r      568
     H000029  C2015 01 26.28658 08 18 37.88 +18 51 54.16         22.3 r      568
     H000029  C2015 01 26.31717 08 18 35.96 +18 51 47.77         22.6 r      568
     H000029  C2015 01 26.34166 08 18 34.39 +18 51 42.33         22.6 r      568
     H000029  C2015 01 26.36893 08 18 32.66 +18 51 36.48         22.5 r      568
     H000029  C2015 01 26.39363 08 18 31.08 +18 51 31.03         22.3 r      568
     H000030  C2015 01 26.28658 08 18 18.30 +18 53 24.38         22.7 r      568
     H000030  C2015 01 26.31717 08 18 16.75 +18 53 35.11         22.7 r      568
     H000030  C2015 01 26.34166 08 18 15.51 +18 53 43.72         22.8 r      568
     H000030  C2015 01 26.36893 08 18 14.13 +18 53 53.23         22.8 r      568
     H000030  C2015 01 26.39363 08 18 12.86 +18 54 01.87         22.7 r      568
     H000031  C2015 01 26.28658 08 19 00.87 +18 50 57.62         22.7 r      568
     H000031  C2015 01 26.31717 08 18 59.14 +18 51 02.77         23.2 r      568
     H000031  C2015 01 26.34166 08 18 57.75 +18 51 06.89         23.0 r      568
     H000031  C2015 01 26.36893 08 18 56.23 +18 51 11.39         23.8 r      568
     H000031  C2015 01 26.39363 08 18 54.79 +18 51 15.65         23.0 r      568
     H000032  C2015 01 26.28658 08 18 14.33 +18 55 14.08         23.1 r      568
     H000033  C2015 01 26.28658 08 19 36.18 +18 29 04.27         23.8 r      568
     H000033  C2015 01 26.31717 08 19 35.46 +18 29 01.43         23.7 r      568
     H000033  C2015 01 26.34166 08 19 34.78 +18 29 00.24         23.6 r      568
     H000033  C2015 01 26.36893 08 19 34.18 +18 28 55.16         23.5 r      568
     H000034  C2015 01 26.28658 08 19 24.97 +18 32 09.79         23.6 r      568
     H000034  C2015 01 26.31717 08 19 24.52 +18 32 02.11         23.4 r      568
     H000034  C2015 01 26.34166 08 19 24.37 +18 31 57.25         23.8 r      568
     H000034  C2015 01 26.36893 08 19 24.20 +18 31 49.69         23.5 r      568
     H000035  C2015 01 26.28658 08 19 30.18 +18 33 29.90         23.6 r      568
     H000035  C2015 01 26.31717 08 19 30.03 +18 33 21.09         23.5 r      568
     H000035  C2015 01 26.34166 08 19 29.74 +18 33 14.91         23.9 r      568
     H000035  C2015 01 26.36893 08 19 29.32 +18 33 07.98         23.4 r      568
     H000036  C2015 01 26.28658 08 19 29.99 +18 36 07.59         23.6 r      568
     H000036  C2015 01 26.31717 08 19 29.40 +18 36 22.31         23.4 r      568
     H000036  C2015 01 26.34166 08 19 28.91 +18 36 32.30         23.4 r      568
     H000036  C2015 01 26.36893 08 19 28.37 +18 36 43.14         23.3 r      568
     H000037  C2015 01 26.28658 08 19 29.23 +18 36 25.54         23.4 r      568
     H000037  C2015 01 26.31717 08 19 28.91 +18 36 34.71         23.4 r      568
     H000037  C2015 01 26.34166 08 19 28.77 +18 36 43.57         23.3 r      568
     H000037  C2015 01 26.36893 08 19 28.66 +18 36 53.38         23.4 r      568
     H000038  C2015 01 26.28658 08 18 00.24 +18 36 23.94         23.0 r      568
     H000038  C2015 01 26.31717 08 17 58.22 +18 36 35.55         22.8 r      568
     H000038  C2015 01 26.34166 08 17 56.58 +18 36 44.89         22.6 r      568
     H000038  C2015 01 26.36893 08 17 54.73 +18 36 55.19         22.5 r      568
     H000039  C2015 01 26.28658 08 19 33.27 +18 36 29.78         23.5 r      568
     H000039  C2015 01 26.31717 08 19 32.90 +18 36 21.48         23.3 r      568
     H000039  C2015 01 26.34166 08 19 32.60 +18 36 15.17         23.3 r      568
     H000039  C2015 01 26.36893 08 19 32.11 +18 36 08.79         23.5 r      568
     H000040  C2015 01 26.28658 08 19 33.70 +18 36 34.89         23.5 r      568
     H000040  C2015 01 26.31717 08 19 32.90 +18 36 21.48         23.3 r      568
     H000040  C2015 01 26.34166 08 19 32.27 +18 36 09.72         23.3 r      568
     H000040  C2015 01 26.36893 08 19 31.44 +18 35 55.25         23.4 r      568
     H000041  C2015 01 26.28658 08 18 08.41 +18 40 15.35         23.5 r      568
     H000041  C2015 01 26.31717 08 18 08.29 +18 40 24.24         23.7 r      568
     H000041  C2015 01 26.34166 08 18 08.27 +18 40 32.02         23.4 r      568
     H000041  C2015 01 26.36893 08 18 08.26 +18 40 43.26         23.8 r      568
     H000042  C2015 01 26.28658 08 19 07.54 +18 42 10.67         23.2 r      568
     H000042  C2015 01 26.31717 08 19 05.68 +18 42 18.64         23.2 r      568
     H000042  C2015 01 26.34166 08 19 04.17 +18 42 25.05         23.0 r      568
     H000042  C2015 01 26.36893 08 19 02.50 +18 42 32.11         23.0 r      568
     H000043  C2015 01 26.28658 08 18 07.06 +18 42 48.41         23.9 r      568
     H000043  C2015 01 26.31717 08 18 05.37 +18 42 33.41         23.7 r      568
     H000043  C2015 01 26.34166 08 18 04.18 +18 42 21.22         23.6 r      568
     H000043  C2015 01 26.36893 08 18 02.73 +18 42 11.30         24.0 r      568
     H000044  C2015 01 26.28658 08 18 31.86 +18 42 49.57         23.3 r      568
     H000044  C2015 01 26.31717 08 18 29.95 +18 43 02.23         23.1 r      568
     H000044  C2015 01 26.34166 08 18 28.41 +18 43 12.34         23.2 r      568
     H000044  C2015 01 26.36893 08 18 26.69 +18 43 23.44         23.1 r      568
     H000045  C2015 01 26.28658 08 19 44.15 +18 44 16.83         23.5 r      568
     H000045  C2015 01 26.31717 08 19 43.36 +18 44 17.09         23.5 r      568
     H000045  C2015 01 26.34166 08 19 42.77 +18 44 15.04         23.5 r      568
     H000045  C2015 01 26.36893 08 19 42.11 +18 44 11.30         23.8 r      568
     H000046  C2015 01 26.28658 08 19 44.19 +18 47 45.97         22.1 r      568
     H000046  C2015 01 26.31717 08 19 42.42 +18 47 50.13         22.2 r      568
     H000046  C2015 01 26.34166 08 19 40.99 +18 47 53.49         22.0 r      568
     H000046  C2015 01 26.36893 08 19 39.41 +18 47 56.93         21.9 r      568
     H000047  C2015 01 26.28658 08 19 37.31 +18 48 11.11         23.9 r      568
     H000047  C2015 01 26.31717 08 19 37.31 +18 48 21.21         23.7 r      568
     H000047  C2015 01 26.34166 08 19 37.39 +18 48 29.89         23.6 r      568
     H000047  C2015 01 26.36893 08 19 37.63 +18 48 38.91         23.2 r      568
     H000048  C2015 01 26.28658 08 18 21.23 +18 48 58.54         23.2 r      568
     H000048  C2015 01 26.31717 08 18 20.41 +18 48 56.60         23.5 r      568
     H000048  C2015 01 26.34166 08 18 19.93 +18 48 55.77         23.1 r      568
     H000048  C2015 01 26.36893 08 18 19.19 +18 48 53.98         23.2 r      568
     H000049  C2015 01 26.28658 08 18 22.10 +18 48 44.13         23.7 r      568
     H000049  C2015 01 26.31717 08 18 21.56 +18 48 52.76         23.8 r      568
     H000049  C2015 01 26.34166 08 18 21.20 +18 48 57.89         23.2 r      568
     H000049  C2015 01 26.36893 08 18 20.70 +18 49 02.16         23.2 r      568
     H000050  C2015 01 26.28658 08 18 02.20 +18 49 02.01         23.5 r      568
     H000050  C2015 01 26.31717 08 18 00.78 +18 48 51.79         23.1 r      568
     H000050  C2015 01 26.34166 08 17 59.52 +18 48 43.48         24.3 r      568
     H000050  C2015 01 26.36893 08 17 58.25 +18 48 35.77         23.5 r      568
     H000051  C2015 01 26.28658 08 18 16.13 +18 30 47.44         24.1 r      568
     H000051  C2015 01 26.31717 08 18 15.87 +18 30 37.68         23.7 r      568
     H000051  C2015 01 26.34166 08 18 15.45 +18 30 31.43         23.7 r      568
     H000051  C2015 01 26.39363 08 18 14.74 +18 30 14.95         23.8 r      568
     H000052  C2015 01 26.28658 08 19 30.27 +18 33 34.54         23.5 r      568
     H000052  C2015 01 26.31717 08 19 29.53 +18 33 42.35         23.5 r      568
     H000052  C2015 01 26.34166 08 19 29.09 +18 33 48.25         24.0 r      568
     H000052  C2015 01 26.39363 08 19 28.06 +18 33 59.03         23.9 r      568
     H000053  C2015 01 26.28658 08 19 52.49 +18 34 40.43         23.1 r      568
     H000053  C2015 01 26.31717 08 19 50.93 +18 34 46.01         24.0 r      568
     H000053  C2015 01 26.34166 08 19 49.67 +18 34 50.33         23.9 r      568
     H000053  C2015 01 26.39363 08 19 47.00 +18 34 59.36         23.3 r      568
     H000054  C2015 01 26.28658 08 19 32.33 +18 36 09.62         23.4 r      568
     H000054  C2015 01 26.31717 08 19 31.46 +18 36 12.19         23.5 r      568
     H000054  C2015 01 26.34166 08 19 30.92 +18 36 11.75         23.4 r      568
     H000054  C2015 01 26.39363 08 19 29.62 +18 36 12.74         23.3 r      568
     H000055  C2015 01 26.28658 08 18 12.18 +18 40 25.50         24.0 r      568
     H000055  C2015 01 26.31717 08 18 11.73 +18 40 18.49         23.5 r      568
     H000055  C2015 01 26.34166 08 18 11.50 +18 40 13.15         23.3 r      568
     H000055  C2015 01 26.39363 08 18 10.88 +18 40 02.24         23.6 r      568
     H000056  C2015 01 26.28658 08 18 01.79 +18 53 03.44         23.2 r      568
     H000056  C2015 01 26.31717 08 18 01.57 +18 52 48.08         24.1 r      568
     H000056  C2015 01 26.34166 08 18 01.21 +18 52 33.65         23.8 r      568
     H000056  C2015 01 26.39363 08 18 00.68 +18 52 08.42         24.2 r      568
     H000057  C2015 01 26.28658 08 18 01.93 +18 52 48.18         23.6 r      568
     H000057  C2015 01 26.31717 08 18 01.10 +18 52 40.51         24.0 r      568
     H000057  C2015 01 26.34166 08 18 00.45 +18 52 36.83         23.6 r      568
     H000057  C2015 01 26.39363 08 17 58.89 +18 52 24.05         23.9 r      568
     H000058  C2015 01 26.28658 08 17 58.69 +18 53 03.74         23.7 r      568
     H000058  C2015 01 26.31717 08 17 58.62 +18 52 53.24         23.4 r      568
     H000058  C2015 01 26.34166 08 17 58.40 +18 52 45.91         23.6 r      568
     H000058  C2015 01 26.39363 08 17 58.19 +18 52 29.31         24.1 r      568
     H000059  C2015 01 26.28658 08 19 03.52 +18 44 31.22         22.6 r      568
     H000059  C2015 01 26.31717 08 19 01.43 +18 44 28.98         22.5 r      568
     H000059  C2015 01 26.36893 08 18 57.88 +18 44 25.06         22.5 r      568
     H000059  C2015 01 26.39363 08 18 56.19 +18 44 23.12         22.6 r      568
     H000060  C2015 01 26.28658 08 18 03.30 +18 45 30.99         22.0 r      568
     H000060  C2015 01 26.31717 08 18 01.11 +18 45 31.73         22.3 r      568
     H000060  C2015 01 26.36893 08 17 57.39 +18 45 33.14         22.6 r      568
     H000060  C2015 01 26.39363 08 17 55.62 +18 45 33.41         22.1 r      568
     H000061  C2015 01 26.28658 08 19 37.49 +18 48 40.43         23.5 r      568
     H000061  C2015 01 26.31717 08 19 37.38 +18 48 28.63         23.6 r      568
     H000061  C2015 01 26.36893 08 19 37.27 +18 48 07.48         23.8 r      568
     H000061  C2015 01 26.39363 08 19 37.26 +18 47 58.20         23.8 r      568
     H000062  C2015 01 26.28658 08 18 32.32 +18 48 45.95         23.4 r      568
     H000062  C2015 01 26.31717 08 18 31.65 +18 48 41.36         23.6 r      568
     H000062  C2015 01 26.36893 08 18 30.55 +18 48 34.82         23.9 r      568
     H000062  C2015 01 26.39363 08 18 30.14 +18 48 33.10         23.6 r      568
     H000063  C2015 01 26.28658 08 18 42.62 +18 48 43.16         24.3 r      568
     H000063  C2015 01 26.31717 08 18 42.50 +18 48 17.28         23.6 r      568
     H000063  C2015 01 26.36893 08 18 42.30 +18 47 35.89         24.1 r      568
     H000063  C2015 01 26.39363 08 18 42.14 +18 47 17.05         23.6 r      568
     H000064  C2015 01 26.28658 08 18 20.78 +18 49 02.83         23.5 r      568
     H000064  C2015 01 26.31717 08 18 19.92 +18 48 55.89         23.2 r      568
     H000064  C2015 01 26.36893 08 18 18.69 +18 48 43.24         23.5 r      568
     H000064  C2015 01 26.39363 08 18 18.15 +18 48 37.05         23.7 r      568
     H000065  C2015 01 26.28658 08 17 59.39 +18 52 32.92         23.2 r      568
     H000065  C2015 01 26.31717 08 17 58.97 +18 52 42.37         24.0 r      568
     H000065  C2015 01 26.36893 08 17 58.33 +18 52 55.36         23.7 r      568
     H000065  C2015 01 26.39363 08 17 58.13 +18 53 00.34         23.9 r      568
     H000066  C2015 01 26.28658 08 19 40.30 +18 52 21.31         23.3 r      568
     H000066  C2015 01 26.31717 08 19 37.91 +18 52 23.63         23.0 r      568
     H000066  C2015 01 26.36893 08 19 33.93 +18 52 27.55         23.0 r      568
     H000066  C2015 01 26.39363 08 19 32.03 +18 52 29.31         23.0 r      568
     H000067  C2015 01 26.28658 08 19 38.37 +18 53 26.57         23.1 r      568
     H000067  C2015 01 26.31717 08 19 36.14 +18 53 27.26         23.4 r      568
     H000067  C2015 01 26.36893 08 19 32.23 +18 53 29.84         23.5 r      568
     H000067  C2015 01 26.39363 08 19 30.38 +18 53 30.80         23.9 r      568
     H000068  C2015 01 26.28658 08 19 35.03 +18 29 12.70         23.8 r      568
     H000068  C2015 01 26.34166 08 19 34.32 +18 28 56.73         23.5 r      568
     H000068  C2015 01 26.36893 08 19 33.93 +18 28 49.69         23.7 r      568
     H000068  C2015 01 26.39363 08 19 33.79 +18 28 42.52         23.7 r      568
     H000069  C2015 01 26.28658 08 19 37.31 +18 41 11.77         23.6 r      568
     H000069  C2015 01 26.34166 08 19 34.19 +18 41 28.30         23.9 r      568
     H000069  C2015 01 26.36893 08 19 32.59 +18 41 37.11         24.3 r      568
     H000069  C2015 01 26.39363 08 19 31.16 +18 41 44.69         24.0 r      568
     H000070  C2015 01 26.28658 08 18 07.57 +18 44 13.18         23.9 r      568
     H000070  C2015 01 26.34166 08 18 05.57 +18 43 56.22         24.1 r      568
     H000070  C2015 01 26.36893 08 18 04.55 +18 43 50.09         23.5 r      568
     H000070  C2015 01 26.39363 08 18 03.71 +18 43 46.14         24.1 r      568
     H000071  C2015 01 26.28658 08 18 44.52 +18 44 22.92         23.1 r      568
     H000071  C2015 01 26.34166 08 18 41.40 +18 44 25.75         23.4 r      568
     H000071  C2015 01 26.36893 08 18 39.83 +18 44 26.86         23.6 r      568
     H000071  C2015 01 26.39363 08 18 38.43 +18 44 28.16         23.3 r      568
     H000072  C2015 01 26.28658 08 18 53.69 +18 45 05.27         23.8 r      568
     H000072  C2015 01 26.34166 08 18 50.72 +18 45 14.37         23.7 r      568
     H000072  C2015 01 26.36893 08 18 49.25 +18 45 18.84         23.7 r      568
     H000072  C2015 01 26.39363 08 18 47.91 +18 45 22.82         23.7 r      568
     H000073  C2015 01 26.28658 08 19 49.51 +18 47 00.80         23.5 r      568
     H000073  C2015 01 26.34166 08 19 45.71 +18 47 25.54         23.6 r      568
     H000073  C2015 01 26.36893 08 19 43.84 +18 47 37.69         23.6 r      568
     H000073  C2015 01 26.39363 08 19 42.11 +18 47 48.78         23.6 r      568
     H000074  C2015 01 26.28658 08 18 43.63 +18 47 14.91         23.5 r      568
     H000074  C2015 01 26.34166 08 18 42.99 +18 48 03.10         23.6 r      568
     H000074  C2015 01 26.36893 08 18 42.66 +18 48 29.10         23.4 r      568
     H000074  C2015 01 26.39363 08 18 42.45 +18 48 51.65         23.8 r      568
     H000075  C2015 01 26.28658 08 18 43.03 +18 47 19.95         23.6 r      568
     H000075  C2015 01 26.34166 08 18 42.81 +18 48 07.03         23.5 r      568
     H000075  C2015 01 26.36893 08 18 42.66 +18 48 29.10         23.4 r      568
     H000075  C2015 01 26.39363 08 18 42.45 +18 48 51.65         23.8 r      568
     H000076  C2015 01 26.28658 08 18 43.47 +18 47 22.47         23.8 r      568
     H000076  C2015 01 26.34166 08 18 42.81 +18 48 07.03         23.5 r      568
     H000076  C2015 01 26.36893 08 18 42.66 +18 48 29.10         23.4 r      568
     H000076  C2015 01 26.39363 08 18 42.45 +18 48 51.65         23.8 r      568
     H000077  C2015 01 26.28658 08 18 21.90 +18 48 19.14         23.7 r      568
     H000077  C2015 01 26.34166 08 18 20.80 +18 48 06.77         23.9 r      568
     H000077  C2015 01 26.36893 08 18 20.23 +18 48 01.76         23.5 r      568
     H000077  C2015 01 26.39363 08 18 19.64 +18 47 53.96         23.4 r      568
     H000078  C2015 01 26.28658 08 18 22.05 +18 48 22.21         23.7 r      568
     H000078  C2015 01 26.34166 08 18 20.80 +18 48 06.77         23.9 r      568
     H000078  C2015 01 26.36893 08 18 20.23 +18 48 01.76         23.5 r      568
     H000078  C2015 01 26.39363 08 18 19.64 +18 47 53.96         23.4 r      568
     H000079  C2015 01 26.28658 08 18 03.59 +18 49 06.25         23.2 r      568
     H000079  C2015 01 26.34166 08 18 00.76 +18 48 51.94         23.2 r      568
     H000079  C2015 01 26.36893 08 17 59.51 +18 48 43.59         24.4 r      568
     H000079  C2015 01 26.39363 08 17 58.33 +18 48 37.22         23.7 r      568
     H000080  C2015 01 26.28658 08 18 03.37 +18 49 08.88         23.5 r      568
     H000080  C2015 01 26.34166 08 18 00.76 +18 48 51.94         23.2 r      568
     H000080  C2015 01 26.36893 08 17 59.51 +18 48 43.59         24.4 r      568
     H000080  C2015 01 26.39363 08 17 58.33 +18 48 37.22         23.7 r      568
     H000081  C2015 01 26.28658 08 19 01.68 +18 49 10.62         23.5 r      568
     H000081  C2015 01 26.34166 08 19 01.11 +18 48 56.68         23.2 r      568
     H000081  C2015 01 26.36893 08 19 00.88 +18 48 50.85         24.0 r      568
     H000081  C2015 01 26.39363 08 19 00.88 +18 48 45.19         23.5 r      568
     H000082  C2015 01 26.28658 08 18 12.17 +18 53 15.88         23.0 r      568
     H000082  C2015 01 26.34166 08 18 09.29 +18 53 37.82         23.0 r      568
     H000082  C2015 01 26.36893 08 18 07.86 +18 53 48.66         23.1 r      568
     H000082  C2015 01 26.39363 08 18 06.54 +18 53 58.49         22.9 r      568
     H000083  C2015 01 26.28658 08 18 04.35 +18 53 20.76         24.1 r      568
     H000083  C2015 01 26.34166 08 18 01.94 +18 53 17.67         23.8 r      568
     H000083  C2015 01 26.36893 08 18 00.84 +18 53 19.26         23.2 r      568
     H000083  C2015 01 26.39363 08 17 59.83 +18 53 20.16         23.8 r      568
     H000084  C2015 01 26.28658 08 19 37.84 +18 53 45.33         23.6 r      568
     H000084  C2015 01 26.34166 08 19 36.70 +18 53 43.93         23.8 r      568
     H000084  C2015 01 26.36893 08 19 36.25 +18 53 44.29         23.6 r      568
     H000084  C2015 01 26.39363 08 19 35.82 +18 53 45.22         23.9 r      568
     H000085  C2015 01 26.31717 08 18 11.68 +18 27 59.83         23.4 r      568
     H000085  C2015 01 26.34166 08 18 10.45 +18 28 08.43         23.1 r      568
     H000085  C2015 01 26.36893 08 18 09.06 +18 28 18.23         23.1 r      568
     H000085  C2015 01 26.39363 08 18 07.81 +18 28 27.01         23.3 r      568
     H000086  C2015 01 26.31717 08 19 37.32 +18 28 54.18         23.6 r      568
     H000086  C2015 01 26.34166 08 19 37.06 +18 28 43.23         24.0 r      568
     H000086  C2015 01 26.36893 08 19 36.76 +18 28 34.00         23.7 r      568
     H000086  C2015 01 26.39363 08 19 36.43 +18 28 24.61         24.0 r      568
     H000087  C2015 01 26.31717 08 18 17.38 +18 30 04.38         23.4 r      568
     H000087  C2015 01 26.34166 08 18 16.94 +18 30 01.40         23.8 r      568
     H000087  C2015 01 26.36893 08 18 16.52 +18 29 58.75         23.8 r      568
     H000087  C2015 01 26.39363 08 18 15.93 +18 29 57.30         23.5 r      568
     H000088  C2015 01 26.31717 08 19 31.45 +18 30 13.80         23.4 r      568
     H000088  C2015 01 26.34166 08 19 30.21 +18 30 18.11         23.5 r      568
     H000088  C2015 01 26.36893 08 19 28.81 +18 30 22.98         23.6 r      568
     H000088  C2015 01 26.39363 08 19 27.54 +18 30 27.37         24.0 r      568
     H000090  C2015 01 26.31717 08 18 41.53 +18 31 06.23         23.8 r      568
     H000090  C2015 01 26.34166 08 18 41.19 +18 31 00.66         23.4 r      568
     H000090  C2015 01 26.36893 08 18 40.73 +18 30 54.07         23.6 r      568
     H000090  C2015 01 26.39363 08 18 40.36 +18 30 49.99         23.5 r      568
     H000091  C2015 01 26.31717 08 18 32.52 +18 32 18.45         21.4 r      568
     H000091  C2015 01 26.34166 08 18 30.83 +18 32 22.45         21.4 r      568
     H000091  C2015 01 26.36893 08 18 28.95 +18 32 26.94         21.4 r      568
     H000091  C2015 01 26.39363 08 18 27.25 +18 32 30.89         21.4 r      568
     H000092  C2015 01 26.31717 08 19 29.29 +18 33 08.96         23.9 r      568
     H000092  C2015 01 26.34166 08 19 28.75 +18 33 07.09         23.7 r      568
     H000092  C2015 01 26.36893 08 19 28.30 +18 33 06.50         23.9 r      568
     H000092  C2015 01 26.39363 08 19 27.95 +18 33 03.37         24.0 r      568
     H000093  C2015 01 26.31717 08 19 30.05 +18 33 37.76         23.3 r      568
     H000093  C2015 01 26.34166 08 19 29.41 +18 33 43.51         23.6 r      568
     H000093  C2015 01 26.36893 08 19 28.73 +18 33 51.67         23.5 r      568
     H000093  C2015 01 26.39363 08 19 28.06 +18 33 59.03         23.9 r      568
     H000094  C2015 01 26.31717 08 18 43.27 +18 34 25.07         22.3 r      568
     H000094  C2015 01 26.34166 08 18 41.96 +18 34 29.72         21.9 r      568
     H000094  C2015 01 26.36893 08 18 40.49 +18 34 34.93         21.9 r      568
     H000094  C2015 01 26.39363 08 18 39.16 +18 34 39.57         22.0 r      568
     H000095  C2015 01 26.31717 08 18 59.15 +18 35 40.36         23.7 r      568
     H000095  C2015 01 26.34166 08 18 58.84 +18 35 48.63         23.8 r      568
     H000095  C2015 01 26.36893 08 18 58.45 +18 35 59.26         23.5 r      568
     H000095  C2015 01 26.39363 08 18 58.16 +18 36 08.77         23.7 r      568
     H000096  C2015 01 26.31717 08 19 28.17 +18 37 08.68         23.1 r      568
     H000096  C2015 01 26.34166 08 19 26.53 +18 37 11.44         23.3 r      568
     H000096  C2015 01 26.36893 08 19 24.71 +18 37 14.48         23.1 r      568
     H000096  C2015 01 26.39363 08 19 23.05 +18 37 17.21         23.1 r      568
     H000097  C2015 01 26.31717 08 18 08.60 +18 40 10.17         23.8 r      568
     H000097  C2015 01 26.34166 08 18 08.46 +18 40 20.37         23.3 r      568
     H000097  C2015 01 26.36893 08 18 08.31 +18 40 32.62         23.7 r      568
     H000097  C2015 01 26.39363 08 18 08.30 +18 40 43.70         23.8 r      568
     H000098  C2015 01 26.31717 08 19 42.84 +18 43 34.63         23.5 r      568
     H000098  C2015 01 26.34166 08 19 42.45 +18 43 39.80         23.6 r      568
     H000098  C2015 01 26.36893 08 19 42.05 +18 43 45.89         23.7 r      568
     H000098  C2015 01 26.39363 08 19 41.66 +18 43 51.18         23.9 r      568
     H000099  C2015 01 26.31717 08 19 33.24 +18 43 49.95         23.2 r      568
     H000099  C2015 01 26.34166 08 19 31.97 +18 43 54.53         23.4 r      568
     H000099  C2015 01 26.36893 08 19 30.56 +18 43 59.54         23.7 r      568
     H000099  C2015 01 26.39363 08 19 29.28 +18 44 04.04         23.2 r      568
     H000100  C2015 01 26.31717 08 19 44.17 +18 44 20.11         23.6 r      568
     H000100  C2015 01 26.34166 08 19 43.49 +18 44 18.12         23.7 r      568
     H000100  C2015 01 26.36893 08 19 42.77 +18 44 15.47         23.7 r      568
     H000100  C2015 01 26.39363 08 19 42.11 +18 44 12.32         23.6 r      568
     H000101  C2015 01 26.31717 08 18 58.37 +18 44 56.14         23.4 r      568
     H000101  C2015 01 26.34166 08 18 57.14 +18 45 00.39         23.7 r      568
     H000101  C2015 01 26.36893 08 18 55.64 +18 45 05.73         24.1 r      568
     H000101  C2015 01 26.39363 08 18 54.34 +18 45 10.24         23.9 r      568
     H000102  C2015 01 26.31717 08 18 42.79 +18 48 06.56         23.6 r      568
     H000102  C2015 01 26.34166 08 18 42.58 +18 48 13.78         23.5 r      568
     H000102  C2015 01 26.36893 08 18 42.42 +18 48 18.91         23.4 r      568
     H000102  C2015 01 26.39363 08 18 42.35 +18 48 25.30         23.6 r      568
     H000103  C2015 01 26.31717 08 18 44.21 +18 48 32.33         23.4 r      568
     H000103  C2015 01 26.34166 08 18 43.23 +18 48 06.62         23.7 r      568
     H000103  C2015 01 26.36893 08 18 42.30 +18 47 35.89         24.1 r      568
     H000103  C2015 01 26.39363 08 18 41.61 +18 47 10.16         23.8 r      568
     H000104  C2015 01 26.31717 08 18 03.44 +18 48 18.82         23.7 r      568
     H000104  C2015 01 26.34166 08 18 01.81 +18 48 01.39         23.4 r      568
     H000104  C2015 01 26.36893 08 17 59.94 +18 47 39.32         23.7 r      568
     H000104  C2015 01 26.39363 08 17 58.17 +18 47 20.37         20.9 r      568
     H000105  C2015 01 26.31717 08 18 04.07 +18 48 37.14         23.8 r      568
     H000105  C2015 01 26.34166 08 18 03.65 +18 48 30.23         23.5 r      568
     H000105  C2015 01 26.36893 08 18 03.25 +18 48 24.88         23.9 r      568
     H000105  C2015 01 26.39363 08 18 02.66 +18 48 19.49         23.6 r      568
     H000106  C2015 01 26.31717 08 18 02.28 +18 49 02.65         23.4 r      568
     H000106  C2015 01 26.34166 08 18 00.76 +18 48 51.94         23.2 r      568
     H000106  C2015 01 26.36893 08 17 59.17 +18 48 41.65         23.6 r      568
     H000106  C2015 01 26.39363 08 17 57.90 +18 48 31.12         23.5 r      568
