X6718         C2015 01 26.29001 08 28 02.87 +18 53 08.27         20.0 r      568
X6718         C2015 01 26.31987 08 28 01.08 +18 53 08.63         20.0 r      568
X6718         C2015 01 26.34440 08 27 59.61 +18 53 08.90         20.1 r      568
X6718         C2015 01 26.37164 08 27 57.97 +18 53 09.15         20.0 r      568
X6718         C2015 01 26.39652 08 27 56.46 +18 53 09.39         20.0 r      568
F0519         C2015 01 26.29001 08 28 26.45 +18 53 55.02         20.0 r      568
F0519         C2015 01 26.31987 08 28 24.56 +18 53 57.92         20.1 r      568
F0519         C2015 01 26.34440 08 28 22.95 +18 54 00.17         20.3 r      568
F0519         C2015 01 26.37164 08 28 21.24 +18 54 02.97         19.8 r      568
F0519         C2015 01 26.39652 08 28 19.64 +18 54 05.33         19.7 r      568
Q2194         C2015 01 26.29001 08 28 28.46 +19 03 32.46         19.4 r      568
Q2194         C2015 01 26.31987 08 28 26.55 +19 03 41.83         19.4 r      568
Q2194         C2015 01 26.34440 08 28 24.97 +19 03 49.48         19.5 r      568
Q2194         C2015 01 26.37164 08 28 23.21 +19 03 57.91         19.5 r      568
Q2194         C2015 01 26.39652 08 28 21.59 +19 04 05.57         19.5 r      568
R6182         C2015 01 26.29001 08 28 55.80 +19 04 31.06         20.1 r      568
R6182         C2015 01 26.31987 08 28 54.25 +19 04 42.04         19.9 r      568
R6182         C2015 01 26.34440 08 28 52.96 +19 04 51.06         19.9 r      568
R6182         C2015 01 26.37164 08 28 51.53 +19 05 01.06         20.0 r      568
R6182         C2015 01 26.39652 08 28 50.23 +19 05 10.15         19.9 r      568
n0780         C2015 01 26.29001 08 28 26.96 +19 08 07.21         21.0 r      568
n0780         C2015 01 26.31987 08 28 24.91 +19 08 13.24         21.1 r      568
n0780         C2015 01 26.34440 08 28 23.22 +19 08 18.08         21.0 r      568
n0780         C2015 01 26.37164 08 28 21.33 +19 08 23.46         21.0 r      568
n0780         C2015 01 26.39652 08 28 19.64 +19 08 28.42         22.0 r      568
o2050         C2015 01 26.31987 08 28 12.02 +18 56 39.21         20.8 r      568
o2050         C2015 01 26.34440 08 28 10.31 +18 56 37.02         20.8 r      568
o2050         C2015 01 26.37164 08 28 08.41 +18 56 34.61         20.8 r      568
o2050         C2015 01 26.39652 08 28 06.67 +18 56 32.34         20.7 r      568
     H002393  C2015 01 26.29001 08 27 32.20 +18 50 01.70         23.5 r      568
     H002393  C2015 01 26.31987 08 27 32.06 +18 50 02.32         23.6 r      568
     H002393  C2015 01 26.34440 08 27 31.92 +18 50 02.67         22.7 r      568
     H002393  C2015 01 26.37164 08 27 31.80 +18 50 03.26         23.5 r      568
     H002393  C2015 01 26.39652 08 27 31.67 +18 50 03.76         23.7 r      568
     H002394  C2015 01 26.29001 08 27 54.28 +18 54 51.95         22.4 r      568
     H002394  C2015 01 26.31987 08 27 52.73 +18 55 02.88         22.5 r      568
     H002394  C2015 01 26.34440 08 27 51.46 +18 55 11.73         21.6 r      568
     H002394  C2015 01 26.37164 08 27 50.04 +18 55 21.65         22.2 r      568
     H002394  C2015 01 26.39652 08 27 48.74 +18 55 30.62         22.3 r      568
     H002395  C2015 01 26.29001 08 27 43.98 +18 55 26.69         22.9 r      568
     H002395  C2015 01 26.31987 08 27 42.39 +18 55 40.33         23.2 r      568
     H002395  C2015 01 26.34440 08 27 41.08 +18 55 51.49         24.9 r      568
     H002395  C2015 01 26.37164 08 27 39.61 +18 56 03.84         23.1 r      568
     H002395  C2015 01 26.39652 08 27 38.27 +18 56 15.07         23.0 r      568
     H002396  C2015 01 26.29001 08 28 25.85 +18 56 42.00         22.3 r      568
     H002396  C2015 01 26.31987 08 28 24.24 +18 56 47.33         22.3 r      568
     H002396  C2015 01 26.34440 08 28 22.89 +18 56 51.45         22.3 r      568
     H002396  C2015 01 26.37164 08 28 21.41 +18 56 56.16         22.4 r      568
     H002396  C2015 01 26.39652 08 28 20.04 +18 57 00.40         22.3 r      568
     H002397  C2015 01 26.29001 08 28 32.79 +18 58 38.12         25.0 r      568
     H002397  C2015 01 26.31987 08 28 31.20 +18 58 47.29         23.7 r      568
     H002397  C2015 01 26.34440 08 28 29.89 +18 58 54.85         23.7 r      568
     H002397  C2015 01 26.37164 08 28 28.42 +18 59 03.19         24.0 r      568
     H002397  C2015 01 26.39652 08 28 27.08 +18 59 10.83         24.3 r      568
     H002398  C2015 01 26.29001 08 27 40.99 +19 02 30.97         21.0 r      568
     H002398  C2015 01 26.31987 08 27 39.47 +19 02 37.96         21.0 r      568
     H002398  C2015 01 26.34440 08 27 38.21 +19 02 43.68         21.1 r      568
     H002398  C2015 01 26.37164 08 27 36.81 +19 02 49.86         21.0 r      568
     H002398  C2015 01 26.39652 08 27 35.54 +19 02 55.51         21.1 r      568
     H002399  C2015 01 26.29001 08 28 37.79 +19 02 57.13         20.2 r      568
     H002399  C2015 01 26.31987 08 28 35.88 +19 03 06.15         20.2 r      568
     H002399  C2015 01 26.34440 08 28 34.31 +19 03 13.59         20.2 r      568
     H002399  C2015 01 26.37164 08 28 32.56 +19 03 21.71         20.2 r      568
     H002399  C2015 01 26.39652 08 28 30.95 +19 03 29.09         20.2 r      568
     H002400  C2015 01 26.29001 08 28 33.16 +19 03 11.38         21.4 r      568
     H002400  C2015 01 26.31987 08 28 31.83 +19 03 15.42         21.5 r      568
     H002400  C2015 01 26.34440 08 28 30.73 +19 03 18.72         21.8 r      568
     H002400  C2015 01 26.37164 08 28 29.51 +19 03 22.34         21.8 r      568
     H002400  C2015 01 26.39652 08 28 28.39 +19 03 25.66         21.8 r      568
     H002401  C2015 01 26.29001 08 28 46.72 +19 03 46.63         23.8 r      568
     H002401  C2015 01 26.31987 08 28 45.13 +19 03 52.31         24.0 r      568
     H002401  C2015 01 26.34440 08 28 43.80 +19 03 56.93         24.5 r      568
     H002401  C2015 01 26.37164 08 28 42.33 +19 04 02.11         24.2 r      568
     H002401  C2015 01 26.39652 08 28 40.98 +19 04 06.68         23.7 r      568
     H002402  C2015 01 26.29001 08 28 27.68 +19 04 45.54         19.7 r      568
     H002402  C2015 01 26.31987 08 28 25.86 +19 04 56.43         19.7 r      568
     H002402  C2015 01 26.34440 08 28 24.35 +19 05 05.30         19.8 r      568
     H002402  C2015 01 26.37164 08 28 22.67 +19 05 15.15         19.7 r      568
     H002402  C2015 01 26.39652 08 28 21.12 +19 05 24.08         19.7 r      568
     H002403  C2015 01 26.29001 08 27 42.85 +19 07 16.13         20.9 r      568
     H002403  C2015 01 26.31987 08 27 41.29 +19 07 27.21         21.9 r      568
     H002403  C2015 01 26.34440 08 27 40.01 +19 07 36.15         22.9 r      568
     H002403  C2015 01 26.37164 08 27 38.63 +19 07 44.93         21.0 r      568
     H002403  C2015 01 26.39652 08 27 37.34 +19 07 53.62         20.9 r      568
     H002404  C2015 01 26.29001 08 27 45.19 +19 07 41.94         24.3 r      568
     H002404  C2015 01 26.31987 08 27 43.25 +19 07 45.97         24.4 r      568
     H002404  C2015 01 26.34440 08 27 41.59 +19 07 49.14         24.2 r      568
     H002404  C2015 01 26.37164 08 27 39.79 +19 07 52.55         24.4 r      568
     H002404  C2015 01 26.39652 08 27 38.14 +19 07 55.51         24.5 r      568
     H002405  C2015 01 26.29001 08 28 38.92 +19 10 47.39         22.4 r      568
     H002405  C2015 01 26.31987 08 28 37.39 +19 10 52.67         22.4 r      568
     H002405  C2015 01 26.34440 08 28 36.12 +19 10 56.92         22.3 r      568
     H002405  C2015 01 26.37164 08 28 34.70 +19 11 01.66         22.2 r      568
     H002405  C2015 01 26.39652 08 28 33.51 +19 11 06.26         22.7 r      568
     H002406  C2015 01 26.29001 08 28 23.81 +19 10 28.48         22.7 r      568
     H002406  C2015 01 26.31987 08 28 22.07 +19 10 38.05         23.0 r      568
     H002406  C2015 01 26.34440 08 28 20.58 +19 10 46.26         22.9 r      568
     H002406  C2015 01 26.37164 08 28 18.95 +19 10 55.12         23.1 r      568
     H002406  C2015 01 26.39652 08 28 17.46 +19 11 03.18         22.8 r      568
     H002407  C2015 01 26.29001 08 28 41.48 +19 09 15.56         23.8 r      568
     H002407  C2015 01 26.31987 08 28 39.78 +19 09 22.43         23.7 r      568
     H002407  C2015 01 26.34440 08 28 38.39 +19 09 27.89         23.5 r      568
     H002407  C2015 01 26.37164 08 28 36.85 +19 09 34.44         23.7 r      568
     H002407  C2015 01 26.39652 08 28 35.43 +19 09 40.13         23.7 r      568
     H002408  C2015 01 26.29001 08 28 26.68 +19 11 00.21         22.6 r      568
     H002408  C2015 01 26.31987 08 28 24.47 +19 10 58.43         22.9 r      568
     H002408  C2015 01 26.34440 08 28 22.65 +19 10 57.00         22.6 r      568
     H002408  C2015 01 26.37164 08 28 20.61 +19 10 55.08         22.9 r      568
     H002408  C2015 01 26.39652 08 28 18.75 +19 10 53.41         22.6 r      568
     H002409  C2015 01 26.29001 08 28 18.14 +19 09 57.12         23.0 r      568
     H002409  C2015 01 26.31987 08 28 17.96 +19 09 57.82         23.4 r      568
     H002409  C2015 01 26.34440 08 28 17.81 +19 09 58.33         23.3 r      568
     H002409  C2015 01 26.37164 08 28 17.64 +19 09 58.89         23.3 r      568
     H002409  C2015 01 26.39652 08 28 17.49 +19 09 59.51         23.3 r      568
     H002410  C2015 01 26.29001 08 28 57.00 +19 09 30.26         23.3 r      568
     H002410  C2015 01 26.31987 08 28 55.17 +19 09 37.37         24.2 r      568
     H002410  C2015 01 26.34440 08 28 53.65 +19 09 43.27         23.9 r      568
     H002410  C2015 01 26.37164 08 28 51.95 +19 09 49.65         23.6 r      568
     H002410  C2015 01 26.39652 08 28 50.39 +19 09 55.57         23.7 r      568
     H002411  C2015 01 26.29001 08 28 22.75 +18 47 56.79         23.7 r      568
     H002411  C2015 01 26.31987 08 28 21.09 +18 48 00.03         23.8 r      568
     H002411  C2015 01 26.34440 08 28 19.80 +18 48 02.97         24.0 r      568
     H002411  C2015 01 26.37164 08 28 18.31 +18 48 06.06         24.8 r      568
     H002412  C2015 01 26.29001 08 28 41.96 +18 59 12.53         22.7 r      568
     H002412  C2015 01 26.31987 08 28 40.29 +18 59 14.50         22.3 r      568
     H002412  C2015 01 26.34440 08 28 38.95 +18 59 16.09         22.0 r      568
     H002412  C2015 01 26.37164 08 28 37.43 +18 59 17.85         22.1 r      568
     H002413  C2015 01 26.29001 08 28 26.96 +18 52 48.33         24.1 r      568
     H002413  C2015 01 26.31987 08 28 25.46 +18 52 58.86         24.1 r      568
     H002413  C2015 01 26.34440 08 28 24.17 +18 53 07.16         24.1 r      568
     H002413  C2015 01 26.39652 08 28 21.52 +18 53 26.03         23.8 r      568
     H002414  C2015 01 26.29001 08 28 27.88 +18 55 08.91         23.1 r      568
     H002414  C2015 01 26.31987 08 28 26.14 +18 55 13.99         23.0 r      568
     H002414  C2015 01 26.34440 08 28 24.70 +18 55 18.14         23.5 r      568
     H002414  C2015 01 26.39652 08 28 21.63 +18 55 26.94         22.9 r      568
     H002415  C2015 01 26.29001 08 28 08.87 +18 59 13.03         23.8 r      568
     H002415  C2015 01 26.31987 08 28 06.72 +18 59 17.45         24.0 r      568
     H002415  C2015 01 26.34440 08 28 04.93 +18 59 20.78         24.9 r      568
     H002415  C2015 01 26.39652 08 28 01.15 +18 59 28.41         23.7 r      568
     H002416  C2015 01 26.29001 08 28 27.81 +18 49 54.33         23.9 r      568
     H002416  C2015 01 26.31987 08 28 26.12 +18 49 59.82         23.8 r      568
     H002416  C2015 01 26.37164 08 28 23.20 +18 50 09.05         24.0 r      568
     H002416  C2015 01 26.39652 08 28 21.80 +18 50 13.51         23.9 r      568
     H002417  C2015 01 26.29001 08 27 54.38 +18 56 43.77         23.2 r      568
     H002417  C2015 01 26.31987 08 27 52.70 +18 56 53.21         23.0 r      568
     H002417  C2015 01 26.37164 08 27 49.77 +18 57 09.40         22.8 r      568
     H002417  C2015 01 26.39652 08 27 48.35 +18 57 17.09         23.1 r      568
     H002418  C2015 01 26.29001 08 28 09.70 +18 57 31.60         23.2 r      568
     H002418  C2015 01 26.31987 08 28 07.76 +18 57 38.68         23.2 r      568
     H002418  C2015 01 26.37164 08 28 04.36 +18 57 50.88         23.3 r      568
     H002418  C2015 01 26.39652 08 28 02.71 +18 57 56.64         23.2 r      568
     H002419  C2015 01 26.29001 08 28 42.69 +18 59 52.51         21.7 r      568
     H002419  C2015 01 26.31987 08 28 40.63 +18 59 50.61         21.6 r      568
     H002419  C2015 01 26.37164 08 28 37.05 +18 59 47.27         21.5 r      568
     H002419  C2015 01 26.39652 08 28 35.32 +18 59 45.60         21.5 r      568
     H002420  C2015 01 26.29001 08 28 27.66 +19 10 03.28         23.9 r      568
     H002420  C2015 01 26.31987 08 28 25.66 +19 10 17.81         24.0 r      568
     H002420  C2015 01 26.37164 08 28 22.19 +19 10 42.88         24.0 r      568
     H002420  C2015 01 26.39652 08 28 20.51 +19 10 54.96         24.7 r      568
     H002421  C2015 01 26.29001 08 28 28.17 +18 50 34.43         24.1 r      568
     H002421  C2015 01 26.34440 08 28 24.66 +18 50 45.04         23.7 r      568
     H002421  C2015 01 26.37164 08 28 22.88 +18 50 50.37         23.9 r      568
     H002421  C2015 01 26.39652 08 28 21.29 +18 50 54.70         23.3 r      568
     H002422  C2015 01 26.29001 08 27 53.33 +18 52 11.07         22.6 r      568
     H002422  C2015 01 26.34440 08 27 50.06 +18 52 25.15         21.8 r      568
     H002422  C2015 01 26.37164 08 27 48.38 +18 52 32.27         23.2 r      568
     H002422  C2015 01 26.39652 08 27 46.90 +18 52 38.47         23.2 r      568
     H002423  C2015 01 26.31987 08 28 33.38 +18 56 08.83         24.9 r      568
     H002423  C2015 01 26.34440 08 28 32.06 +18 56 12.58         24.0 r      568
     H002423  C2015 01 26.37164 08 28 30.62 +18 56 16.82         24.2 r      568
     H002423  C2015 01 26.39652 08 28 29.31 +18 56 20.50         23.9 r      568
     H002424  C2015 01 26.31987 08 28 28.71 +18 57 40.79         23.2 r      568
     H002424  C2015 01 26.34440 08 28 27.40 +18 57 43.12         23.0 r      568
     H002424  C2015 01 26.37164 08 28 25.95 +18 57 44.79         23.4 r      568
     H002424  C2015 01 26.39652 08 28 24.60 +18 57 46.69         23.2 r      568
     H002425  C2015 01 26.31987 08 28 12.37 +19 01 58.98         23.2 r      568
     H002425  C2015 01 26.34440 08 28 11.14 +19 02 07.15         23.6 r      568
     H002425  C2015 01 26.37164 08 28 09.80 +19 02 16.17         23.6 r      568
     H002425  C2015 01 26.39652 08 28 08.55 +19 02 24.46         23.6 r      568
     H002426  C2015 01 26.31987 08 27 54.82 +19 12 48.57         23.7 r      568
     H002426  C2015 01 26.34440 08 27 53.26 +19 12 58.45         23.7 r      568
     H002426  C2015 01 26.37164 08 27 51.51 +19 13 09.38         23.5 r      568
     H002426  C2015 01 26.39652 08 27 49.93 +19 13 19.18         23.7 r      568
