X0708         C2015 01 26.48270 08 17 46.59 +18 04 13.31         21.4 g      568
X0708         C2015 01 26.51335 08 17 44.90 +18 04 24.67         21.4 g      568
X0708         C2015 01 26.53808 08 17 43.54 +18 04 33.85         21.4 g      568
X0708         C2015 01 26.56260 08 17 42.18 +18 04 42.77         21.4 g      568
X0708         C2015 01 26.58714 08 17 40.84 +18 04 51.79         21.4 g      568
k8981         C2015 01 26.48270 08 17 15.17 +18 20 08.03         20.6 g      568
k8981         C2015 01 26.51335 08 17 13.05 +18 20 09.85         20.6 g      568
k8981         C2015 01 26.53808 08 17 11.35 +18 20 11.25         20.7 g      568
k8981         C2015 01 26.56260 08 17 09.66 +18 20 12.73         20.7 g      568
k8981         C2015 01 26.58714 08 17 07.98 +18 20 14.08         20.8 g      568
36344         C2015 01 26.48270 08 17 44.27 +18 26 38.93         19.0 g      568
36344         C2015 01 26.51335 08 17 42.00 +18 26 43.13         20.8 g      568
36344         C2015 01 26.53808 08 17 40.22 +18 26 43.79         18.9 g      568
36344         C2015 01 26.56260 08 17 38.43 +18 26 45.65         19.5 g      568
44797         C2015 01 26.53808 08 17 24.38 +18 15 31.74         18.9 g      568
44797         C2015 01 26.56260 08 17 22.77 +18 15 39.01         18.8 g      568
44797         C2015 01 26.58714 08 17 21.18 +18 15 46.22         18.9 g      568
     K07T87R  C2015 01 26.48270 08 17 55.69 +18 02 22.70         22.4 g      568
     K07T87R  C2015 01 26.51335 08 17 53.56 +18 02 30.84         22.7 g      568
     K07T87R  C2015 01 26.53808 08 17 51.80 +18 02 38.27         22.3 g      568
     K07T87R  C2015 01 26.56260 08 17 50.09 +18 02 45.20         22.4 g      568
     K07T87R  C2015 01 26.58714 08 17 48.38 +18 02 52.09         22.3 g      568
     H002010  C2015 01 26.48270 08 17 55.30 +18 03 15.46         23.4 g      568
     H002010  C2015 01 26.51335 08 17 53.59 +18 03 20.73         23.5 g      568
     H002010  C2015 01 26.53808 08 17 52.21 +18 03 25.06         23.9 g      568
     H002010  C2015 01 26.56260 08 17 50.88 +18 03 29.11         23.6 g      568
     H002010  C2015 01 26.58714 08 17 49.51 +18 03 33.05         23.7 g      568
     H002011  C2015 01 26.48270 08 17 53.01 +18 05 12.98         24.0 g      568
     H002011  C2015 01 26.51335 08 17 51.39 +18 05 31.41         23.5 g      568
     H002011  C2015 01 26.53808 08 17 50.09 +18 05 45.44         24.4 g      568
     H002011  C2015 01 26.56260 08 17 48.85 +18 05 59.52         24.3 g      568
     H002011  C2015 01 26.58714 08 17 47.61 +18 06 13.79         24.2 g      568
     H002012  C2015 01 26.48270 08 17 58.81 +18 11 32.73         22.7 g      568
     H002012  C2015 01 26.51335 08 17 57.10 +18 11 39.83         22.7 g      568
     H002012  C2015 01 26.53808 08 17 55.69 +18 11 45.87         22.9 g      568
     H002012  C2015 01 26.56260 08 17 54.34 +18 11 50.79         23.3 g      568
     H002012  C2015 01 26.58714 08 17 53.01 +18 11 56.35         22.9 g      568
     H002013  C2015 01 26.48270 08 17 57.84 +18 18 51.74         22.9 g      568
     H002013  C2015 01 26.51335 08 17 56.03 +18 19 00.06         22.7 g      568
     H002013  C2015 01 26.53808 08 17 54.59 +18 19 06.75         22.6 g      568
     H002013  C2015 01 26.56260 08 17 53.18 +18 19 13.51         22.7 g      568
     H002013  C2015 01 26.58714 08 17 51.77 +18 19 20.01         22.6 g      568
     H002014  C2015 01 26.48270 08 17 20.67 +18 25 15.75         24.0 g      568
     H002014  C2015 01 26.51335 08 17 18.72 +18 25 26.10         23.6 g      568
     H002014  C2015 01 26.53808 08 17 17.10 +18 25 34.45         24.1 g      568
     H002014  C2015 01 26.56260 08 17 15.52 +18 25 42.51         24.2 g      568
     H002014  C2015 01 26.58714 08 17 13.96 +18 25 50.75         24.3 g      568
     H002015  C2015 01 26.48270 08 17 02.63 +18 23 46.98         23.5 g      568
     H002015  C2015 01 26.51335 08 17 00.55 +18 23 50.81         23.1 g      568
     H002015  C2015 01 26.53808 08 16 58.90 +18 23 53.94         23.1 g      568
     H002015  C2015 01 26.56260 08 16 57.26 +18 23 56.81         23.4 g      568
     H002015  C2015 01 26.58714 08 16 55.62 +18 23 59.74         23.3 g      568
     H002016  C2015 01 26.48270 08 17 48.49 +18 27 35.55         22.9 g      568
     H002016  C2015 01 26.51335 08 17 46.90 +18 27 41.26         23.1 g      568
     H002016  C2015 01 26.53808 08 17 45.61 +18 27 45.74         23.0 g      568
     H002016  C2015 01 26.56260 08 17 44.34 +18 27 50.10         23.1 g      568
     H002016  C2015 01 26.58714 08 17 43.09 +18 27 54.69         22.9 g      568
     H002017  C2015 01 26.48270 08 17 09.53 +18 12 33.59         23.7 g      568
     H002017  C2015 01 26.51335 08 17 07.69 +18 12 43.31         24.0 g      568
     H002017  C2015 01 26.53808 08 17 06.19 +18 12 50.72         23.8 g      568
     H002017  C2015 01 26.56260 08 17 04.70 +18 12 58.65         23.6 g      568
     H002018  C2015 01 26.48270 08 16 59.69 +18 23 17.42         22.2 g      568
     H002018  C2015 01 26.51335 08 16 57.73 +18 23 23.51         22.8 g      568
     H002018  C2015 01 26.53808 08 16 56.19 +18 23 27.80         22.7 g      568
     H002018  C2015 01 26.56260 08 16 54.64 +18 23 32.48         22.6 g      568
     H002019  C2015 01 26.48270 08 18 03.43 +18 28 27.64         24.1 g      568
     H002019  C2015 01 26.51335 08 18 01.43 +18 28 34.88         23.8 g      568
     H002019  C2015 01 26.53808 08 17 59.87 +18 28 40.55         23.7 g      568
     H002019  C2015 01 26.56260 08 17 58.27 +18 28 45.91         24.1 g      568
     H002020  C2015 01 26.48270 08 18 02.16 +18 05 02.43         24.0 g      568
     H002020  C2015 01 26.51335 08 18 00.44 +18 05 03.74         24.0 g      568
     H002020  C2015 01 26.56260 08 17 57.70 +18 05 05.31         24.1 g      568
     H002020  C2015 01 26.58714 08 17 56.34 +18 05 06.16         24.2 g      568
     H002021  C2015 01 26.48270 08 17 55.60 +18 13 26.28         22.7 g      568
     H002021  C2015 01 26.51335 08 17 53.88 +18 13 31.23         22.9 g      568
     H002021  C2015 01 26.56260 08 17 51.12 +18 13 39.29         23.0 g      568
     H002021  C2015 01 26.58714 08 17 49.83 +18 13 43.26         23.9 g      568
     H002022  C2015 01 26.51335 08 17 10.19 +18 13 35.79         23.5 g      568
     H002022  C2015 01 26.53808 08 17 08.78 +18 13 39.36         23.7 g      568
     H002022  C2015 01 26.56260 08 17 07.40 +18 13 42.58         23.9 g      568
     H002022  C2015 01 26.58714 08 17 06.01 +18 13 45.87         23.4 g      568
     H002023  C2015 01 26.51335 08 17 30.83 +18 19 30.05         23.4 g      568
     H002023  C2015 01 26.53808 08 17 29.37 +18 19 37.91         23.6 g      568
     H002023  C2015 01 26.56260 08 17 27.95 +18 19 45.76         23.4 g      568
     H002023  C2015 01 26.58714 08 17 26.53 +18 19 53.63         23.1 g      568
n6399         C2015 01 26.48619 08 26 53.04 +18 41 42.42         22.2 g      568
n6399         C2015 01 26.51609 08 26 51.44 +18 41 46.00         22.2 g      568
n6399         C2015 01 26.54078 08 26 50.21 +18 41 50.07         24.5 g      568
n6399         C2015 01 26.56529 08 26 48.79 +18 41 51.85         22.5 g      568
n6399         C2015 01 26.58984 08 26 47.50 +18 41 54.79         22.2 g      568
I6808         C2015 01 26.48619 08 26 06.74 +18 47 28.96         20.1 g      568
I6808         C2015 01 26.51609 08 26 04.83 +18 47 37.20         19.9 g      568
I6808         C2015 01 26.54078 08 26 03.28 +18 47 43.86         20.0 g      568
I6808         C2015 01 26.56529 08 26 01.74 +18 47 50.46         20.0 g      568
I6808         C2015 01 26.58984 08 26 00.26 +18 47 57.41         21.3 g      568
q4040         C2015 01 26.48619 08 25 57.14 +18 43 46.76         21.2 g      568
q4040         C2015 01 26.51609 08 25 55.27 +18 43 53.72         23.1 g      568
q4040         C2015 01 26.54078 08 25 53.71 +18 44 01.93         21.5 g      568
q4040         C2015 01 26.56529 08 25 52.19 +18 44 08.65         21.3 g      568
     H002002  C2015 01 26.48619 08 26 21.31 +18 32 16.07         23.8 g      568
     H002002  C2015 01 26.51609 08 26 19.58 +18 32 20.75         24.1 g      568
     H002002  C2015 01 26.54078 08 26 18.14 +18 32 24.31         23.8 g      568
     H002002  C2015 01 26.56529 08 26 16.72 +18 32 27.86         23.8 g      568
     H002002  C2015 01 26.58984 08 26 15.31 +18 32 31.35         23.7 g      568
     H002003  C2015 01 26.48619 08 25 36.60 +18 36 18.70         24.2 g      568
     H002003  C2015 01 26.51609 08 25 35.03 +18 36 24.82         24.7 g      568
     H002003  C2015 01 26.54078 08 25 33.74 +18 36 29.66         24.3 g      568
     H002003  C2015 01 26.56529 08 25 32.48 +18 36 34.35         24.1 g      568
     H002003  C2015 01 26.58984 08 25 31.20 +18 36 39.21         24.5 g      568
     H002004  C2015 01 26.48619 08 26 57.07 +18 38 36.97         22.9 g      568
     H002004  C2015 01 26.51609 08 26 55.07 +18 38 48.75         23.0 g      568
     H002004  C2015 01 26.54078 08 26 53.42 +18 38 58.84         23.6 g      568
     H002004  C2015 01 26.56529 08 26 51.81 +18 39 07.89         23.4 g      568
     H002004  C2015 01 26.58984 08 26 50.12 +18 39 17.92         23.2 g      568
     H002005  C2015 01 26.48619 08 25 57.34 +18 41 18.45         23.3 g      568
     H002005  C2015 01 26.51609 08 25 55.39 +18 41 24.56         23.0 g      568
     H002005  C2015 01 26.54078 08 25 53.79 +18 41 29.61         22.8 g      568
     H002005  C2015 01 26.56529 08 25 52.20 +18 41 34.40         23.2 g      568
     H002005  C2015 01 26.58984 08 25 50.61 +18 41 39.37         23.0 g      568
     H002006  C2015 01 26.48619 08 26 46.25 +18 39 50.10         21.5 g      568
     H002006  C2015 01 26.51609 08 26 44.21 +18 39 59.22         22.5 g      568
     H002006  C2015 01 26.54078 08 26 42.63 +18 40 05.70         21.7 g      568
     H002006  C2015 01 26.56529 08 26 41.02 +18 40 12.69         21.6 g      568
     H002007  C2015 01 26.48619 08 26 25.18 +18 48 15.20         24.1 g      568
     H002007  C2015 01 26.51609 08 26 23.38 +18 48 14.81         23.8 g      568
     H002007  C2015 01 26.54078 08 26 21.90 +18 48 14.34         23.7 g      568
     H002007  C2015 01 26.58984 08 26 18.97 +18 48 13.20         23.9 g      568
     H002008  C2015 01 26.48619 08 27 07.23 +18 46 12.18         23.2 g      568
     H002008  C2015 01 26.51609 08 27 05.69 +18 46 18.00         23.2 g      568
     H002008  C2015 01 26.56529 08 27 03.17 +18 46 27.58         23.0 g      568
     H002008  C2015 01 26.58984 08 27 01.92 +18 46 32.16         23.1 g      568
     H002009  C2015 01 26.51609 08 26 29.94 +18 38 12.75         21.2 g      568
     H002009  C2015 01 26.54078 08 26 28.68 +18 38 20.76         21.3 g      568
     H002009  C2015 01 26.56529 08 26 27.45 +18 38 28.71         21.4 g      568
     H002009  C2015 01 26.58984 08 26 26.20 +18 38 36.40         21.2 g      568
     H001986  C2015 01 26.48619 08 22 48.00 +18 59 26.43         24.3 g      568
     H001986  C2015 01 26.51609 08 22 45.89 +18 59 29.83         23.9 g      568
     H001986  C2015 01 26.54078 08 22 44.13 +18 59 32.78         24.1 g      568
     H001986  C2015 01 26.56529 08 22 42.39 +18 59 35.13         23.7 g      568
     H001986  C2015 01 26.58984 08 22 40.61 +18 59 38.32         24.3 g      568
     H001987  C2015 01 26.48619 08 23 12.57 +19 00 56.92         23.4 g      568
     H001987  C2015 01 26.51609 08 23 10.85 +19 01 06.05         23.6 g      568
     H001987  C2015 01 26.54078 08 23 09.38 +19 01 13.60         23.5 g      568
     H001987  C2015 01 26.56529 08 23 07.99 +19 01 20.20         23.6 g      568
     H001987  C2015 01 26.58984 08 23 06.53 +19 01 27.05         24.2 g      568
     H001988  C2015 01 26.48619 08 23 28.05 +19 08 52.55         21.7 g      568
     H001988  C2015 01 26.51609 08 23 26.46 +19 08 56.70         21.8 g      568
     H001988  C2015 01 26.54078 08 23 25.16 +19 09 00.02         21.7 g      568
     H001988  C2015 01 26.56529 08 23 23.86 +19 09 03.38         21.7 g      568
     H001988  C2015 01 26.58984 08 23 22.56 +19 09 06.48         22.1 g      568
     H001989  C2015 01 26.48619 08 22 35.90 +19 09 56.10         22.8 g      568
     H001989  C2015 01 26.51609 08 22 34.32 +19 09 58.19         22.6 g      568
     H001989  C2015 01 26.54078 08 22 32.98 +19 09 59.89         22.8 g      568
     H001989  C2015 01 26.56529 08 22 31.69 +19 10 01.48         22.6 g      568
     H001989  C2015 01 26.58984 08 22 30.39 +19 10 03.16         22.7 g      568
     H001990  C2015 01 26.48619 08 22 35.45 +19 14 35.33         22.5 g      568
     H001990  C2015 01 26.51609 08 22 33.91 +19 14 48.88         22.6 g      568
     H001990  C2015 01 26.54078 08 22 32.65 +19 15 00.27         22.6 g      568
     H001990  C2015 01 26.56529 08 22 31.41 +19 15 11.51         22.6 g      568
     H001990  C2015 01 26.58984 08 22 30.16 +19 15 22.69         22.6 g      568
     H001991  C2015 01 26.48619 08 23 19.53 +19 14 21.24         24.2 g      568
     H001991  C2015 01 26.51609 08 23 17.98 +19 14 34.46         24.0 g      568
     H001991  C2015 01 26.54078 08 23 16.71 +19 14 44.58         24.2 g      568
     H001991  C2015 01 26.56529 08 23 15.44 +19 14 55.13         24.1 g      568
     H001991  C2015 01 26.58984 08 23 14.17 +19 15 05.52         24.4 g      568
     H001992  C2015 01 26.48619 08 23 14.37 +19 15 09.83         24.3 g      568
     H001992  C2015 01 26.51609 08 23 12.84 +19 15 15.90         24.0 g      568
     H001992  C2015 01 26.54078 08 23 11.59 +19 15 20.55         24.1 g      568
     H001992  C2015 01 26.56529 08 23 10.32 +19 15 25.19         23.9 g      568
     H001992  C2015 01 26.58984 08 23 09.10 +19 15 30.08         24.3 g      568
     H001993  C2015 01 26.48619 08 23 29.20 +19 01 24.92         24.2 g      568
     H001993  C2015 01 26.51609 08 23 27.32 +19 01 29.97         23.9 g      568
     H001993  C2015 01 26.54078 08 23 25.77 +19 01 33.82         24.0 g      568
     H001993  C2015 01 26.56529 08 23 24.24 +19 01 37.99         24.0 g      568
     H001994  C2015 01 26.48619 08 23 10.96 +19 03 20.98         23.5 g      568
     H001994  C2015 01 26.51609 08 23 09.30 +19 03 25.55         23.4 g      568
     H001994  C2015 01 26.54078 08 23 07.96 +19 03 28.93         23.6 g      568
     H001994  C2015 01 26.56529 08 23 06.64 +19 03 32.58         23.2 g      568
     H001995  C2015 01 26.48619 08 22 29.87 +19 03 47.60         23.1 g      568
     H001995  C2015 01 26.51609 08 22 28.25 +19 03 52.75         23.1 g      568
     H001995  C2015 01 26.54078 08 22 26.91 +19 03 56.73         23.1 g      568
     H001995  C2015 01 26.56529 08 22 25.54 +19 04 01.02         23.4 g      568
     H001996  C2015 01 26.48619 08 22 51.03 +19 05 23.40         22.4 g      568
     H001996  C2015 01 26.51609 08 22 49.47 +19 05 30.21         22.4 g      568
     H001996  C2015 01 26.54078 08 22 48.18 +19 05 35.77         22.6 g      568
     H001996  C2015 01 26.56529 08 22 46.91 +19 05 41.35         22.3 g      568
     H001997  C2015 01 26.48619 08 23 23.61 +19 07 26.77         23.1 g      568
     H001997  C2015 01 26.51609 08 23 21.92 +19 07 26.71         23.0 g      568
     H001997  C2015 01 26.54078 08 23 20.58 +19 07 26.69         23.3 g      568
     H001997  C2015 01 26.56529 08 23 19.23 +19 07 26.67         22.8 g      568
     H001998  C2015 01 26.48619 08 22 39.77 +19 15 36.57         23.0 g      568
     H001998  C2015 01 26.51609 08 22 37.99 +19 15 49.10         23.1 g      568
     H001998  C2015 01 26.54078 08 22 36.51 +19 15 59.49         23.4 g      568
     H001998  C2015 01 26.56529 08 22 35.04 +19 16 09.78         23.4 g      568
     H001999  C2015 01 26.48619 08 22 40.33 +18 59 02.93         24.4 g      568
     H001999  C2015 01 26.51609 08 22 38.61 +18 59 07.65         24.1 g      568
     H001999  C2015 01 26.56529 08 22 35.84 +18 59 15.87         24.2 g      568
     H001999  C2015 01 26.58984 08 22 34.50 +18 59 19.74         24.7 g      568
     H002000  C2015 01 26.51609 08 23 33.20 +18 54 51.89         24.2 g      568
     H002000  C2015 01 26.54078 08 23 31.91 +18 54 55.81         24.2 g      568
     H002000  C2015 01 26.56529 08 23 30.64 +18 54 59.90         24.0 g      568
     H002000  C2015 01 26.58984 08 23 29.37 +18 55 03.73         23.8 g      568
     H002001  C2015 01 26.51609 08 23 01.83 +18 57 10.62         24.4 g      568
     H002001  C2015 01 26.54078 08 23 00.12 +18 57 16.30         24.4 g      568
     H002001  C2015 01 26.56529 08 22 58.46 +18 57 21.73         23.6 g      568
     H002001  C2015 01 26.58984 08 22 56.75 +18 57 27.09         24.0 g      568
c0019         C2015 01 26.48965 08 27 11.96 +18 16 20.08         21.5 g      568
c0019         C2015 01 26.51885 08 27 10.09 +18 16 28.10         21.6 g      568
c0019         C2015 01 26.54352 08 27 08.52 +18 16 34.93         21.6 g      568
c0019         C2015 01 26.56800 08 27 06.95 +18 16 41.66         21.7 g      568
c0019         C2015 01 26.59262 08 27 05.39 +18 16 48.36         21.7 g      568
F0799         C2015 01 26.48965 08 25 46.40 +18 15 39.45         20.0 g      568
F0799         C2015 01 26.51885 08 25 44.60 +18 15 48.99         21.1 g      568
F0799         C2015 01 26.54352 08 25 43.10 +18 15 56.91         22.2 g      568
F0799         C2015 01 26.56800 08 25 41.55 +18 16 03.70         20.2 g      568
R3746         C2015 01 26.48965 08 26 19.66 +18 18 29.29         21.1 g      568
R3746         C2015 01 26.51885 08 26 17.85 +18 18 35.45         21.3 g      568
R3746         C2015 01 26.54352 08 26 16.29 +18 18 40.47         21.4 g      568
R3746         C2015 01 26.59262 08 26 13.29 +18 18 50.76         21.3 g      568
L3470         C2015 01 26.48965 08 27 11.01 +18 24 15.09         20.5 g      568
L3470         C2015 01 26.51885 08 27 09.00 +18 24 22.58         20.6 g      568
L3470         C2015 01 26.54352 08 27 07.27 +18 24 29.28         20.7 g      568
L3470         C2015 01 26.59262 08 27 03.89 +18 24 41.53         20.7 g      568
     H001972  C2015 01 26.48965 08 26 40.27 +18 12 59.99         23.2 g      568
     H001972  C2015 01 26.51885 08 26 38.93 +18 13 06.76         23.5 g      568
     H001972  C2015 01 26.54352 08 26 37.82 +18 13 12.46         23.3 g      568
     H001972  C2015 01 26.56800 08 26 36.70 +18 13 18.02         23.3 g      568
     H001972  C2015 01 26.59262 08 26 35.60 +18 13 23.56         23.3 g      568
     H001973  C2015 01 26.48965 08 25 55.27 +18 13 03.32         22.6 g      568
     H001973  C2015 01 26.51885 08 25 53.76 +18 13 08.44         22.6 g      568
     H001973  C2015 01 26.54352 08 25 52.48 +18 13 12.88         22.6 g      568
     H001973  C2015 01 26.56800 08 25 51.23 +18 13 17.01         22.6 g      568
     H001973  C2015 01 26.59262 08 25 49.97 +18 13 21.27         22.7 g      568
     H001974  C2015 01 26.48965 08 25 53.88 +18 14 31.92         23.2 g      568
     H001974  C2015 01 26.51885 08 25 52.10 +18 14 37.06         23.4 g      568
     H001974  C2015 01 26.54352 08 25 50.60 +18 14 41.56         23.0 g      568
     H001974  C2015 01 26.56800 08 25 49.10 +18 14 45.81         23.2 g      568
     H001974  C2015 01 26.59262 08 25 47.63 +18 14 50.25         23.2 g      568
     H001975  C2015 01 26.48965 08 27 08.30 +18 16 31.50         22.1 g      568
     H001975  C2015 01 26.51885 08 27 06.40 +18 16 39.31         22.1 g      568
     H001975  C2015 01 26.54352 08 27 04.78 +18 16 45.98         22.1 g      568
     H001975  C2015 01 26.56800 08 27 03.19 +18 16 52.33         22.0 g      568
     H001975  C2015 01 26.59262 08 27 01.61 +18 16 58.80         22.0 g      568
     H001976  C2015 01 26.48965 08 27 10.17 +18 17 44.58         23.4 g      568
     H001976  C2015 01 26.51885 08 27 08.23 +18 17 49.95         23.5 g      568
     H001976  C2015 01 26.54352 08 27 06.59 +18 17 54.36         23.6 g      568
     H001976  C2015 01 26.56800 08 27 04.96 +18 17 58.74         23.5 g      568
     H001976  C2015 01 26.59262 08 27 03.33 +18 18 03.22         23.6 g      568
     H001977  C2015 01 26.48965 08 27 13.32 +18 18 24.94         22.6 g      568
     H001977  C2015 01 26.51885 08 27 11.40 +18 18 29.81         22.5 g      568
     H001977  C2015 01 26.54352 08 27 09.76 +18 18 33.67         22.3 g      568
     H001977  C2015 01 26.56800 08 27 08.18 +18 18 37.85         22.7 g      568
     H001977  C2015 01 26.59262 08 27 06.61 +18 18 42.28         22.9 g      568
     H001978  C2015 01 26.48965 08 27 39.14 +18 21 00.83         22.2 g      568
     H001978  C2015 01 26.51885 08 27 37.21 +18 21 12.22         22.2 g      568
     H001978  C2015 01 26.54352 08 27 35.59 +18 21 21.79         22.0 g      568
     H001978  C2015 01 26.56800 08 27 33.96 +18 21 31.48         22.3 g      568
     H001978  C2015 01 26.59262 08 27 32.38 +18 21 40.78         22.2 g      568
     H001979  C2015 01 26.48965 08 25 53.56 +18 21 29.17         24.0 g      568
     H001979  C2015 01 26.51885 08 25 51.94 +18 21 33.73         24.4 g      568
     H001979  C2015 01 26.54352 08 25 50.51 +18 21 37.55         24.5 g      568
     H001979  C2015 01 26.56800 08 25 49.11 +18 21 41.61         24.1 g      568
     H001979  C2015 01 26.59262 08 25 47.75 +18 21 45.21         23.9 g      568
     H001980  C2015 01 26.48965 08 26 47.36 +18 24 02.61         23.9 g      568
     H001980  C2015 01 26.51885 08 26 45.83 +18 24 08.47         23.9 g      568
     H001980  C2015 01 26.54352 08 26 44.51 +18 24 13.47         24.0 g      568
     H001980  C2015 01 26.56800 08 26 43.25 +18 24 19.28         23.8 g      568
     H001980  C2015 01 26.59262 08 26 41.91 +18 24 23.06         23.9 g      568
     H001981  C2015 01 26.48965 08 25 50.49 +18 26 10.85         22.5 g      568
     H001981  C2015 01 26.51885 08 25 48.80 +18 26 17.02         22.3 g      568
     H001981  C2015 01 26.54352 08 25 47.40 +18 26 22.06         22.8 g      568
     H001981  C2015 01 26.56800 08 25 46.03 +18 26 26.61         22.4 g      568
     H001981  C2015 01 26.59262 08 25 44.64 +18 26 31.51         22.4 g      568
     H001982  C2015 01 26.48965 08 27 13.40 +18 20 42.16         21.7 g      568
     H001982  C2015 01 26.51885 08 27 11.68 +18 20 41.75         21.8 g      568
     H001982  C2015 01 26.54352 08 27 10.22 +18 20 41.28         21.7 g      568
     H001982  C2015 01 26.56800 08 27 08.79 +18 20 40.83         21.6 g      568
     H001983  C2015 01 26.48965 08 27 11.78 +18 25 53.34         23.7 g      568
     H001983  C2015 01 26.51885 08 27 10.17 +18 25 57.63         23.8 g      568
     H001983  C2015 01 26.54352 08 27 08.93 +18 26 02.03         23.8 g      568
     H001983  C2015 01 26.56800 08 27 07.74 +18 26 06.77         23.7 g      568
     H001984  C2015 01 26.48965 08 26 19.43 +18 13 26.84         23.4 g      568
     H001984  C2015 01 26.51885 08 26 17.33 +18 13 19.18         23.4 g      568
     H001984  C2015 01 26.56800 08 26 13.88 +18 13 07.93         23.8 g      568
     H001984  C2015 01 26.59262 08 26 12.15 +18 13 01.91         23.5 g      568
     H001985  C2015 01 26.48965 08 25 56.40 +18 25 00.22         23.8 g      568
     H001985  C2015 01 26.51885 08 25 54.44 +18 25 02.68         23.4 g      568
     H001985  C2015 01 26.56800 08 25 51.16 +18 25 07.33         23.5 g      568
     H001985  C2015 01 26.59262 08 25 49.54 +18 25 08.89         24.3 g      568
     H001951  C2015 01 26.48965 08 24 58.39 +18 12 38.00         23.1 g      568
     H001951  C2015 01 26.51885 08 24 56.62 +18 12 43.91         23.1 g      568
     H001951  C2015 01 26.54352 08 24 55.12 +18 12 49.21         23.2 g      568
     H001951  C2015 01 26.56800 08 24 53.65 +18 12 54.38         23.1 g      568
     H001951  C2015 01 26.59262 08 24 52.18 +18 12 59.51         23.1 g      568
     H001952  C2015 01 26.48965 08 25 12.38 +18 13 23.67         22.8 g      568
     H001952  C2015 01 26.51885 08 25 10.77 +18 13 28.93         23.2 g      568
     H001952  C2015 01 26.54352 08 25 09.36 +18 13 33.00         23.2 g      568
     H001952  C2015 01 26.56800 08 25 08.00 +18 13 37.10         23.1 g      568
     H001952  C2015 01 26.59262 08 25 06.64 +18 13 41.30         22.8 g      568
     H001953  C2015 01 26.48965 08 25 07.33 +18 15 56.78         22.5 g      568
     H001953  C2015 01 26.51885 08 25 05.59 +18 15 56.78         22.7 g      568
     H001953  C2015 01 26.54352 08 25 04.10 +18 15 56.86         23.1 g      568
     H001953  C2015 01 26.56800 08 25 02.64 +18 15 56.76         23.2 g      568
     H001953  C2015 01 26.59262 08 25 01.17 +18 15 56.80         22.9 g      568
     H001954  C2015 01 26.48965 08 25 19.22 +18 18 21.66         22.1 g      568
     H001954  C2015 01 26.51885 08 25 17.57 +18 18 21.58         21.9 g      568
     H001954  C2015 01 26.54352 08 25 16.16 +18 18 21.53         21.8 g      568
     H001954  C2015 01 26.56800 08 25 14.77 +18 18 21.50         21.9 g      568
     H001954  C2015 01 26.59262 08 25 13.38 +18 18 21.39         21.8 g      568
     H001955  C2015 01 26.48965 08 24 30.83 +18 20 09.48         23.7 g      568
     H001955  C2015 01 26.51885 08 24 29.06 +18 20 24.34         23.6 g      568
     H001955  C2015 01 26.54352 08 24 27.62 +18 20 35.53         23.9 g      568
     H001955  C2015 01 26.56800 08 24 26.19 +18 20 47.18         24.3 g      568
     H001955  C2015 01 26.59262 08 24 24.74 +18 20 59.00         24.7 g      568
     H001956  C2015 01 26.48965 08 24 28.53 +18 23 20.98         24.0 g      568
     H001956  C2015 01 26.51885 08 24 26.84 +18 23 29.62         23.7 g      568
     H001956  C2015 01 26.54352 08 24 25.50 +18 23 36.51         24.2 g      568
     H001956  C2015 01 26.56800 08 24 24.00 +18 23 44.42         23.0 g      568
     H001956  C2015 01 26.59262 08 24 22.57 +18 23 52.04         22.9 g      568
     H001957  C2015 01 26.48965 08 24 14.78 +18 24 01.78         22.2 g      568
     H001957  C2015 01 26.51885 08 24 13.08 +18 24 00.70         21.9 g      568
     H001957  C2015 01 26.54352 08 24 11.66 +18 23 59.26         21.8 g      568
     H001957  C2015 01 26.56800 08 24 10.26 +18 23 58.11         21.7 g      568
     H001957  C2015 01 26.59262 08 24 08.84 +18 23 56.94         21.8 g      568
     H001958  C2015 01 26.48965 08 25 30.61 +18 25 37.20         22.9 g      568
     H001958  C2015 01 26.51885 08 25 28.70 +18 25 44.89         23.1 g      568
     H001958  C2015 01 26.54352 08 25 27.02 +18 25 52.18         22.7 g      568
     H001958  C2015 01 26.56800 08 25 25.39 +18 25 58.83         22.9 g      568
     H001958  C2015 01 26.59262 08 25 23.76 +18 26 05.55         23.0 g      568
     H001959  C2015 01 26.48965 08 25 31.21 +18 27 08.37         21.7 g      568
     H001959  C2015 01 26.51885 08 25 29.53 +18 27 13.34         21.7 g      568
     H001959  C2015 01 26.54352 08 25 28.14 +18 27 17.31         21.7 g      568
     H001959  C2015 01 26.56800 08 25 26.77 +18 27 21.48         22.0 g      568
     H001959  C2015 01 26.59262 08 25 25.36 +18 27 25.66         21.8 g      568
     H001960  C2015 01 26.48965 08 25 26.14 +18 27 25.13         24.0 g      568
     H001960  C2015 01 26.51885 08 25 24.42 +18 27 32.61         23.8 g      568
     H001960  C2015 01 26.54352 08 25 22.98 +18 27 39.14         23.7 g      568
     H001960  C2015 01 26.56800 08 25 21.55 +18 27 45.50         23.5 g      568
     H001960  C2015 01 26.59262 08 25 20.13 +18 27 51.78         23.7 g      568
     H001961  C2015 01 26.48965 08 25 35.23 +18 14 13.35         23.4 g      568
     H001961  C2015 01 26.51885 08 25 33.76 +18 14 24.69         22.7 g      568
     H001961  C2015 01 26.54352 08 25 32.47 +18 14 34.53         22.6 g      568
     H001961  C2015 01 26.56800 08 25 31.20 +18 14 44.22         22.5 g      568
     H001962  C2015 01 26.48965 08 25 43.76 +18 15 02.94         23.8 g      568
     H001962  C2015 01 26.51885 08 25 42.20 +18 15 08.07         23.9 g      568
     H001962  C2015 01 26.54352 08 25 40.86 +18 15 11.65         23.7 g      568
     H001962  C2015 01 26.56800 08 25 39.54 +18 15 15.32         23.6 g      568
     H001963  C2015 01 26.48965 08 24 10.72 +18 15 48.57         24.1 g      568
     H001963  C2015 01 26.51885 08 24 09.08 +18 15 48.43         24.3 g      568
     H001963  C2015 01 26.54352 08 24 07.80 +18 15 48.09         24.6 g      568
     H001963  C2015 01 26.56800 08 24 06.31 +18 15 47.82         24.4 g      568
     H001964  C2015 01 26.48965 08 25 43.55 +18 22 30.80         23.5 g      568
     H001964  C2015 01 26.51885 08 25 42.01 +18 22 36.58         23.9 g      568
     H001964  C2015 01 26.54352 08 25 40.67 +18 22 41.15         24.0 g      568
     H001964  C2015 01 26.56800 08 25 39.36 +18 22 46.33         23.6 g      568
     H001965  C2015 01 26.48965 08 24 51.95 +18 12 17.89         23.5 g      568
     H001965  C2015 01 26.51885 08 24 50.52 +18 12 26.88         23.4 g      568
     H001965  C2015 01 26.54352 08 24 49.30 +18 12 34.38         23.5 g      568
     H001965  C2015 01 26.59262 08 24 46.92 +18 12 49.46         23.8 g      568
     H001966  C2015 01 26.48965 08 25 33.79 +18 19 29.37         22.7 g      568
     H001966  C2015 01 26.51885 08 25 31.94 +18 19 35.60         23.0 g      568
     H001966  C2015 01 26.54352 08 25 30.35 +18 19 40.88         22.6 g      568
     H001966  C2015 01 26.59262 08 25 27.22 +18 19 51.18         22.7 g      568
     H001967  C2015 01 26.48965 08 25 24.70 +18 24 39.05         24.1 g      568
     H001967  C2015 01 26.51885 08 25 23.02 +18 24 40.42         24.1 g      568
     H001967  C2015 01 26.54352 08 25 21.59 +18 24 41.45         23.9 g      568
     H001967  C2015 01 26.59262 08 25 18.80 +18 24 43.66         24.1 g      568
     H001968  C2015 01 26.48965 08 24 32.40 +18 21 09.16         22.9 g      568
     H001968  C2015 01 26.51885 08 24 30.59 +18 21 19.39         23.0 g      568
     H001968  C2015 01 26.56800 08 24 27.52 +18 21 36.19         22.9 g      568
     H001968  C2015 01 26.59262 08 24 26.01 +18 21 44.46         23.0 g      568
     H001969  C2015 01 26.51885 08 24 03.73 +18 15 48.29         23.9 g      568
     H001969  C2015 01 26.54352 08 24 01.95 +18 15 50.03         23.8 g      568
     H001969  C2015 01 26.56800 08 24 00.17 +18 15 51.30         24.4 g      568
     H001969  C2015 01 26.59262 08 23 58.41 +18 15 52.77         24.2 g      568
     H001970  C2015 01 26.51885 08 23 48.34 +18 21 06.84         22.3 g      568
     H001970  C2015 01 26.54352 08 23 46.85 +18 21 12.09         22.5 g      568
     H001970  C2015 01 26.56800 08 23 45.38 +18 21 17.32         22.5 g      568
     H001970  C2015 01 26.59262 08 23 43.91 +18 21 22.63         22.4 g      568
     H001971  C2015 01 26.51885 08 24 30.97 +18 25 29.18         23.2 g      568
     H001971  C2015 01 26.54352 08 24 29.67 +18 25 33.10         23.9 g      568
     H001971  C2015 01 26.56800 08 24 28.43 +18 25 37.70         22.8 g      568
     H001971  C2015 01 26.59262 08 24 27.16 +18 25 42.10         22.6 g      568
m8625         C2015 01 26.48965 08 25 23.83 +18 20 47.95         21.6 g      568
m8625         C2015 01 26.51885 08 25 21.96 +18 20 57.20         21.8 g      568
m8625         C2015 01 26.54352 08 25 20.43 +18 21 03.65         24.5 g      568
m8625         C2015 01 26.56800 08 25 18.82 +18 21 13.08         21.7 g      568
m8625         C2015 01 26.59262 08 25 17.31 +18 21 20.80         22.3 g      568
N5470         C2015 01 26.48965 08 24 35.40 +18 21 13.44         20.4 g      568
N5470         C2015 01 26.51885 08 24 33.84 +18 21 19.06         20.4 g      568
N5470         C2015 01 26.54352 08 24 32.53 +18 21 23.72         20.4 g      568
N5470         C2015 01 26.56800 08 24 31.22 +18 21 28.46         20.3 g      568
N5470         C2015 01 26.59262 08 24 29.92 +18 21 33.14         20.3 g      568
o7696         C2015 01 26.48965 08 24 42.29 +18 26 40.60         22.9 g      568
o7696         C2015 01 26.51885 08 24 40.41 +18 26 46.52         22.8 g      568
o7696         C2015 01 26.54352 08 24 38.83 +18 26 51.48         22.9 g      568
o7696         C2015 01 26.56800 08 24 37.28 +18 26 56.62         23.2 g      568
o7696         C2015 01 26.59262 08 24 35.70 +18 27 01.38         23.0 g      568
r0477         C2015 01 26.51885 08 24 11.74 +18 19 38.65         22.1 g      568
r0477         C2015 01 26.54352 08 24 10.57 +18 19 46.30         22.4 g      568
r0477         C2015 01 26.56800 08 24 09.42 +18 19 53.71         22.2 g      568
r0477         C2015 01 26.59262 08 24 08.23 +18 20 00.94         23.4 g      568
r2291         C2015 01 26.48965 08 23 49.40 +18 15 19.14         22.2 g      568
r2291         C2015 01 26.51885 08 23 47.42 +18 15 23.94         22.5 g      568
r2291         C2015 01 26.54352 08 23 45.72 +18 15 28.18         22.4 g      568
r2291         C2015 01 26.56800 08 23 44.05 +18 15 32.30         22.3 g      568
45206         C2015 01 26.56800 08 25 13.20 +18 23 04.50         19.8 g      568
45206         C2015 01 26.59262 08 25 11.44 +18 23 04.31         18.3 g      568
68729         C2015 01 26.48965 08 25 00.05 +18 14 53.27         19.6 g      568
68729         C2015 01 26.51885 08 24 58.15 +18 15 01.34         21.2 g      568
68729         C2015 01 26.54352 08 24 56.44 +18 15 10.22         19.7 g      568
68729         C2015 01 26.56800 08 24 54.80 +18 15 17.92         19.8 g      568
68729         C2015 01 26.59262 08 24 53.17 +18 15 25.61         19.7 g      568
     H001932  C2015 01 26.50363 08 28 51.30 +16 38 17.78         22.8 g      568
     H001932  C2015 01 26.52980 08 28 49.79 +16 38 24.95         22.6 g      568
     H001932  C2015 01 26.55445 08 28 48.40 +16 38 31.35         22.8 g      568
     H001932  C2015 01 26.57897 08 28 47.01 +16 38 37.86         22.8 g      568
     H001932  C2015 01 26.60351 08 28 45.57 +16 38 44.75         24.1 g      568
     H001933  C2015 01 26.50363 08 28 22.28 +16 40 29.28         23.0 g      568
     H001933  C2015 01 26.52980 08 28 20.87 +16 40 35.42         23.0 g      568
     H001933  C2015 01 26.55445 08 28 19.51 +16 40 40.57         23.1 g      568
     H001933  C2015 01 26.57897 08 28 18.16 +16 40 45.86         22.7 g      568
     H001933  C2015 01 26.60351 08 28 16.82 +16 40 50.84         22.9 g      568
     H001934  C2015 01 26.50363 08 28 28.26 +16 42 10.24         22.4 g      568
     H001934  C2015 01 26.52980 08 28 26.77 +16 42 22.27         22.5 g      568
     H001934  C2015 01 26.55445 08 28 25.38 +16 42 33.87         22.5 g      568
     H001934  C2015 01 26.57897 08 28 24.00 +16 42 45.20         22.3 g      568
     H001934  C2015 01 26.60351 08 28 22.63 +16 42 56.50         22.4 g      568
     H001935  C2015 01 26.50363 08 28 53.69 +16 42 34.90         22.1 g      568
     H001935  C2015 01 26.52980 08 28 52.23 +16 42 40.41         22.2 g      568
     H001935  C2015 01 26.55445 08 28 50.86 +16 42 45.38         22.1 g      568
     H001935  C2015 01 26.57897 08 28 49.50 +16 42 50.31         22.2 g      568
     H001935  C2015 01 26.60351 08 28 48.15 +16 42 55.07         22.1 g      568
     H001936  C2015 01 26.50363 08 28 31.93 +16 46 18.17         22.9 g      568
     H001936  C2015 01 26.52980 08 28 30.39 +16 46 29.81         22.6 g      568
     H001936  C2015 01 26.55445 08 28 28.95 +16 46 40.49         23.0 g      568
     H001936  C2015 01 26.57897 08 28 27.52 +16 46 51.21         22.6 g      568
     H001936  C2015 01 26.60351 08 28 26.10 +16 47 01.95         23.0 g      568
     H001937  C2015 01 26.50363 08 28 57.68 +16 51 36.11         23.0 g      568
     H001937  C2015 01 26.52980 08 28 56.08 +16 51 38.69         23.1 g      568
     H001937  C2015 01 26.55445 08 28 54.59 +16 51 40.84         23.3 g      568
     H001937  C2015 01 26.57897 08 28 53.12 +16 51 42.92         23.1 g      568
     H001937  C2015 01 26.60351 08 28 51.66 +16 51 44.93         23.0 g      568
     H001938  C2015 01 26.50363 08 28 10.04 +16 52 47.72         24.2 g      568
     H001938  C2015 01 26.52980 08 28 08.53 +16 52 53.44         23.9 g      568
     H001938  C2015 01 26.55445 08 28 07.19 +16 52 57.37         24.3 g      568
     H001938  C2015 01 26.57897 08 28 05.81 +16 53 01.78         24.1 g      568
     H001938  C2015 01 26.60351 08 28 04.47 +16 53 06.58         24.2 g      568
     H001939  C2015 01 26.50363 08 28 36.98 +16 31 27.39         21.9 g      568
     H001939  C2015 01 26.52980 08 28 35.54 +16 31 33.39         21.9 g      568
     H001939  C2015 01 26.55445 08 28 34.20 +16 31 38.79         22.1 g      568
     H001939  C2015 01 26.57897 08 28 32.84 +16 31 44.51         21.8 g      568
     H001940  C2015 01 26.50363 08 28 45.95 +16 32 59.26         23.8 g      568
     H001940  C2015 01 26.52980 08 28 44.49 +16 33 05.01         23.9 g      568
     H001940  C2015 01 26.55445 08 28 43.15 +16 33 10.24         23.5 g      568
     H001940  C2015 01 26.57897 08 28 41.79 +16 33 15.35         23.6 g      568
     H001941  C2015 01 26.50363 08 28 45.73 +16 33 12.83         24.3 g      568
     H001941  C2015 01 26.52980 08 28 44.42 +16 33 12.11         24.1 g      568
     H001941  C2015 01 26.55445 08 28 43.15 +16 33 10.24         23.5 g      568
     H001941  C2015 01 26.57897 08 28 41.78 +16 33 11.07         24.3 g      568
     H001942  C2015 01 26.50363 08 28 45.02 +16 39 10.89         23.2 g      568
     H001942  C2015 01 26.52980 08 28 43.65 +16 39 04.97         23.4 g      568
     H001942  C2015 01 26.55445 08 28 42.36 +16 38 59.54         23.2 g      568
     H001942  C2015 01 26.57897 08 28 41.07 +16 38 53.66         23.9 g      568
     H001943  C2015 01 26.50363 08 28 18.58 +16 43 55.22         23.6 g      568
     H001943  C2015 01 26.52980 08 28 16.98 +16 44 09.13         24.0 g      568
     H001943  C2015 01 26.55445 08 28 15.43 +16 44 22.19         24.2 g      568
     H001943  C2015 01 26.57897 08 28 13.91 +16 44 35.19         23.9 g      568
     H001944  C2015 01 26.50363 08 28 57.73 +16 55 32.18         24.2 g      568
     H001944  C2015 01 26.52980 08 28 56.11 +16 55 35.67         24.3 g      568
     H001944  C2015 01 26.55445 08 28 54.63 +16 55 38.38         23.7 g      568
     H001944  C2015 01 26.57897 08 28 53.13 +16 55 40.91         24.0 g      568
     H001945  C2015 01 26.50363 08 28 43.11 +16 55 02.43         24.0 g      568
     H001945  C2015 01 26.52980 08 28 41.52 +16 55 06.06         23.9 g      568
     H001945  C2015 01 26.55445 08 28 40.09 +16 55 09.19         23.6 g      568
     H001945  C2015 01 26.57897 08 28 38.69 +16 55 12.57         23.7 g      568
     H001946  C2015 01 26.50363 08 28 36.06 +16 40 10.62         24.0 g      568
     H001946  C2015 01 26.52980 08 28 34.60 +16 40 16.62         24.1 g      568
     H001946  C2015 01 26.57897 08 28 31.81 +16 40 28.56         23.8 g      568
     H001946  C2015 01 26.60351 08 28 30.43 +16 40 34.21         24.5 g      568
     H001947  C2015 01 26.50363 08 29 00.13 +16 49 00.15         24.0 g      568
     H001947  C2015 01 26.52980 08 28 58.50 +16 49 03.07         23.7 g      568
     H001947  C2015 01 26.57897 08 28 55.46 +16 49 08.27         23.6 g      568
     H001947  C2015 01 26.60351 08 28 53.95 +16 49 11.02         23.9 g      568
     H001948  C2015 01 26.52980 08 28 24.36 +16 41 31.28         23.1 g      568
     H001948  C2015 01 26.55445 08 28 23.14 +16 41 35.29         23.0 g      568
     H001948  C2015 01 26.57897 08 28 21.90 +16 41 39.45         22.9 g      568
     H001948  C2015 01 26.60351 08 28 20.69 +16 41 43.45         23.1 g      568
     H001949  C2015 01 26.52980 08 28 20.19 +16 54 40.12         22.9 g      568
     H001949  C2015 01 26.55445 08 28 18.63 +16 54 46.12         23.2 g      568
     H001949  C2015 01 26.57897 08 28 17.07 +16 54 51.79         22.9 g      568
     H001949  C2015 01 26.60351 08 28 15.51 +16 54 57.57         23.2 g      568
     H001950  C2015 01 26.52980 08 28 34.65 +16 52 36.45         22.2 g      568
     H001950  C2015 01 26.55445 08 28 33.10 +16 52 41.35         22.1 g      568
     H001950  C2015 01 26.57897 08 28 31.60 +16 52 46.38         22.1 g      568
     H001950  C2015 01 26.60351 08 28 30.05 +16 52 51.03         22.4 g      568
E8314         C2015 01 26.51062 08 21 57.17 +17 32 49.41         20.5 g      568
E8314         C2015 01 26.53532 08 21 55.71 +17 32 54.69         20.7 g      568
E8314         C2015 01 26.53532 08 21 55.71 +17 32 54.69         20.8 g      568
E8314         C2015 01 26.55991 08 21 54.26 +17 32 59.95         20.6 g      568
E8314         C2015 01 26.58444 08 21 52.81 +17 33 05.14         20.5 g      568
E8314         C2015 01 26.60898 08 21 51.37 +17 33 10.31         20.6 g      568
     H001925  C2015 01 26.51062 08 21 19.92 +17 34 26.04         21.7 g      568
     H001925  C2015 01 26.53532 08 21 18.57 +17 34 31.46         21.7 g      568
     H001925  C2015 01 26.55991 08 21 17.22 +17 34 36.85         21.7 g      568
     H001925  C2015 01 26.58444 08 21 15.89 +17 34 42.25         21.7 g      568
     H001925  C2015 01 26.60898 08 21 14.55 +17 34 47.60         21.7 g      568
     H001926  C2015 01 26.51062 08 20 29.26 +17 34 31.67         21.2 g      568
     H001926  C2015 01 26.53532 08 20 27.90 +17 34 39.54         21.4 g      568
     H001926  C2015 01 26.55991 08 20 26.52 +17 34 47.28         21.2 g      568
     H001926  C2015 01 26.58444 08 20 25.17 +17 34 54.83         21.3 g      568
     H001926  C2015 01 26.60898 08 20 23.79 +17 35 02.36         21.5 g      568
     H001927  C2015 01 26.51062 08 21 14.85 +17 35 45.92         21.7 g      568
     H001927  C2015 01 26.53532 08 21 13.43 +17 35 52.25         21.7 g      568
     H001927  C2015 01 26.55991 08 21 12.01 +17 35 58.51         21.7 g      568
     H001927  C2015 01 26.58444 08 21 10.61 +17 36 04.70         21.8 g      568
     H001927  C2015 01 26.60898 08 21 09.20 +17 36 10.94         21.8 g      568
     H001928  C2015 01 26.51062 08 21 28.02 +17 35 41.70         23.3 g      568
     H001928  C2015 01 26.53532 08 21 26.41 +17 35 46.84         23.3 g      568
     H001928  C2015 01 26.55991 08 21 24.80 +17 35 51.87         23.4 g      568
     H001928  C2015 01 26.58444 08 21 23.22 +17 35 57.03         23.3 g      568
     H001928  C2015 01 26.60898 08 21 21.61 +17 36 02.14         23.6 g      568
     H001929  C2015 01 26.51062 08 21 06.36 +17 38 55.46         22.7 g      568
     H001929  C2015 01 26.53532 08 21 04.78 +17 39 03.89         22.7 g      568
     H001929  C2015 01 26.55991 08 21 03.19 +17 39 12.36         22.6 g      568
     H001929  C2015 01 26.58444 08 21 01.63 +17 39 20.63         22.4 g      568
     H001929  C2015 01 26.60898 08 21 00.07 +17 39 29.01         22.5 g      568
     H001930  C2015 01 26.51062 08 21 05.95 +17 27 26.51         23.1 g      568
     H001930  C2015 01 26.53532 08 21 04.36 +17 27 39.03         21.2 g      568
     H001930  C2015 01 26.55991 08 21 02.76 +17 27 52.76         21.0 g      568
     H001930  C2015 01 26.58444 08 21 01.20 +17 28 06.40         21.5 g      568
     H001931  C2015 01 26.51062 08 20 29.77 +17 33 27.46         23.2 g      568
     H001931  C2015 01 26.53532 08 20 28.44 +17 33 28.55         23.6 g      568
     H001931  C2015 01 26.55991 08 20 27.08 +17 33 30.19         23.3 g      568
     H001931  C2015 01 26.60898 08 20 24.42 +17 33 32.81         23.6 g      568
46194         C2015 01 26.51062 08 21 35.25 +17 32 20.98         18.9 g      568
46194         C2015 01 26.53532 08 21 33.68 +17 32 30.35         18.9 g      568
46194         C2015 01 26.55991 08 21 32.17 +17 32 39.25         19.7 g      568
46194         C2015 01 26.58444 08 21 30.58 +17 32 48.85         18.9 g      568
46194         C2015 01 26.60898 08 21 29.04 +17 32 58.10         19.0 g      568
