     H003016  C2015 01 26.29351 08 25 55.72 +18 01 10.18         23.3 r      568
     H003016  C2015 01 26.32259 08 25 53.54 +18 01 14.15         22.9 r      568
     H003016  C2015 01 26.34710 08 25 51.71 +18 01 17.36         22.9 r      568
     H003016  C2015 01 26.37433 08 25 49.67 +18 01 20.95         23.0 r      568
     H003020  C2015 01 26.29351 08 27 40.89 +18 05 56.92         23.9 r      568
     H003020  C2015 01 26.32259 08 27 39.21 +18 05 57.70         23.9 r      568
     H003020  C2015 01 26.34710 08 27 37.79 +18 05 58.37         24.4 r      568
     H003020  C2015 01 26.37433 08 27 36.21 +18 05 59.07         23.6 r      568
     H003021  C2015 01 26.29351 08 26 01.07 +17 47 10.74         23.0 r      568
     H003021  C2015 01 26.32259 08 25 59.10 +17 47 19.16         22.6 r      568
     H003021  C2015 01 26.34710 08 25 57.45 +17 47 26.35         22.4 r      568
     H003021  C2015 01 26.39930 08 25 53.91 +17 47 41.48         22.3 r      568
     H003023  C2015 01 26.32259 08 25 58.59 +17 50 58.15         24.1 r      568
     H003023  C2015 01 26.34710 08 25 57.08 +17 51 04.62         23.1 r      568
     H003023  C2015 01 26.39930 08 25 53.83 +17 51 18.42         23.1 r      568
     H003024  C2015 01 26.29351 08 26 05.31 +18 06 07.10         24.0 r      568
     H003024  C2015 01 26.32259 08 26 04.01 +18 06 13.33         23.9 r      568
     H003024  C2015 01 26.34710 08 26 02.92 +18 06 18.55         24.1 r      568
     H003024  C2015 01 26.39930 08 26 00.58 +18 06 29.72         23.8 r      568
     H003026  C2015 01 26.29351 08 27 05.65 +18 11 58.61         24.1 r      568
     H003026  C2015 01 26.32259 08 27 04.03 +18 12 03.88         24.0 r      568
     H003026  C2015 01 26.34710 08 27 02.63 +18 12 08.40         24.0 r      568
     H003027  C2015 01 26.29351 08 25 55.31 +17 53 31.40         24.1 r      568
     H003027  C2015 01 26.37433 08 25 51.28 +17 54 04.47         24.4 r      568
     H003027  C2015 01 26.39930 08 25 50.03 +17 54 14.49         23.7 r      568
     H003028  C2015 01 26.29351 08 27 32.82 +17 56 04.11         23.8 r      568
     H003028  C2015 01 26.32259 08 27 31.25 +17 56 10.06         23.8 r      568
     H003028  C2015 01 26.37433 08 27 28.45 +17 56 20.27         24.4 r      568
     H003028  C2015 01 26.39930 08 27 27.09 +17 56 25.18         23.8 r      568
     H003029  C2015 01 26.29351 08 26 01.43 +17 58 58.92         24.4 r      568
     H003029  C2015 01 26.32259 08 25 59.83 +17 59 05.71         24.2 r      568
     H003029  C2015 01 26.37433 08 25 56.98 +17 59 17.52         23.8 r      568
     H003029  C2015 01 26.39930 08 25 55.60 +17 59 23.49         24.6 r      568
     H003030  C2015 01 26.29351 08 27 08.18 +18 06 42.29         22.8 r      568
     H003030  C2015 01 26.32259 08 27 06.71 +18 06 44.26         22.8 r      568
     H003030  C2015 01 26.37433 08 27 04.09 +18 06 47.81         22.9 r      568
     H003030  C2015 01 26.39930 08 27 02.82 +18 06 49.48         22.8 r      568
     H003032  C2015 01 26.29351 08 26 39.28 +18 00 34.17         23.7 r      568
     H003032  C2015 01 26.34710 08 26 36.11 +18 00 44.47         23.7 r      568
     H003032  C2015 01 26.37433 08 26 34.49 +18 00 49.66         23.9 r      568
     H003032  C2015 01 26.39930 08 26 33.00 +18 00 54.41         23.5 r      568
     H003034  C2015 01 26.29351 08 26 13.91 +18 09 31.70         24.1 r      568
     H003034  C2015 01 26.34710 08 26 13.64 +18 09 32.70         24.0 r      568
     H003034  C2015 01 26.37433 08 26 13.50 +18 09 33.37         23.7 r      568
     H003034  C2015 01 26.39930 08 26 13.37 +18 09 33.55         23.9 r      568
     H003036  C2015 01 26.32259 08 27 43.30 +17 45 34.70         24.8 r      568
     H003036  C2015 01 26.34710 08 27 41.68 +17 45 40.14         24.8 r      568
     H003036  C2015 01 26.37433 08 27 39.89 +17 45 46.49         24.5 r      568
     H003036  C2015 01 26.39930 08 27 38.23 +17 45 52.21         24.2 r      568
     H003037  C2015 01 26.32259 08 27 39.79 +17 45 43.44         24.3 r      568
     H003037  C2015 01 26.34710 08 27 38.06 +17 45 48.67         24.5 r      568
     H003037  C2015 01 26.37433 08 27 36.18 +17 45 54.56         24.4 r      568
     H003037  C2015 01 26.39930 08 27 34.45 +17 45 59.72         24.0 r      568
     H003040  C2015 01 26.32259 08 27 19.39 +17 53 25.22         22.9 r      568
     H003040  C2015 01 26.34710 08 27 17.96 +17 53 29.11         22.7 r      568
     H003040  C2015 01 26.37433 08 27 16.38 +17 53 33.50         23.2 r      568
     H003040  C2015 01 26.39930 08 27 14.88 +17 53 37.28         22.6 r      568
     H003041  C2015 01 26.32259 08 26 16.72 +18 10 56.60         24.2 r      568
     H003041  C2015 01 26.34710 08 26 15.45 +18 11 02.05         24.0 r      568
     H003041  C2015 01 26.37433 08 26 14.06 +18 11 08.18         23.7 r      568
     H003041  C2015 01 26.39930 08 26 12.76 +18 11 13.68         23.8 r      568
     H003042  C2015 01 26.29351 08 27 31.74 +18 15 46.92         24.2 r      568
     H003042  C2015 01 26.32259 08 27 29.84 +18 15 53.37         24.8 r      568
     H003042  C2015 01 26.34710 08 27 28.25 +18 15 59.05         24.3 r      568
     H003042  C2015 01 26.37433 08 27 26.44 +18 16 05.12         24.5 r      568
     H003042  C2015 01 26.39930 08 27 24.79 +18 16 10.58         24.5 r      568
     H003043  C2015 01 26.29351 08 26 01.07 +18 17 45.57         23.6 r      568
     H003043  C2015 01 26.32259 08 25 59.37 +18 17 44.79         23.6 r      568
     H003043  C2015 01 26.34710 08 25 57.94 +18 17 44.01         23.2 r      568
     H003043  C2015 01 26.37433 08 25 56.34 +18 17 43.24         23.0 r      568
     H003043  C2015 01 26.39930 08 25 54.89 +18 17 42.39         23.6 r      568
     H003044  C2015 01 26.29351 08 26 04.74 +18 20 57.10         23.8 r      568
     H003044  C2015 01 26.32259 08 26 03.09 +18 21 01.96         23.8 r      568
     H003044  C2015 01 26.34710 08 26 01.70 +18 21 06.28         23.6 r      568
     H003044  C2015 01 26.37433 08 26 00.15 +18 21 10.53         23.2 r      568
     H003044  C2015 01 26.39930 08 25 58.73 +18 21 14.68         23.4 r      568
     H003045  C2015 01 26.29351 08 26 02.06 +18 23 12.15         24.5 r      568
     H003045  C2015 01 26.32259 08 26 00.56 +18 23 17.98         24.5 r      568
     H003045  C2015 01 26.34710 08 25 59.29 +18 23 22.75         24.1 r      568
     H003045  C2015 01 26.37433 08 25 57.89 +18 23 28.32         24.4 r      568
     H003045  C2015 01 26.39930 08 25 56.60 +18 23 33.17         24.4 r      568
     H003046  C2015 01 26.29351 08 26 57.75 +18 23 22.98         23.3 r      568
     H003046  C2015 01 26.32259 08 26 56.23 +18 23 29.02         23.7 r      568
     H003046  C2015 01 26.34710 08 26 54.93 +18 23 34.03         23.5 r      568
     H003046  C2015 01 26.37433 08 26 53.47 +18 23 39.58         23.8 r      568
     H003046  C2015 01 26.39930 08 26 52.16 +18 23 44.71         23.7 r      568
     H003047  C2015 01 26.29351 08 26 44.59 +18 24 32.30         23.9 r      568
     H003047  C2015 01 26.32259 08 26 42.97 +18 24 37.66         23.8 r      568
     H003047  C2015 01 26.37433 08 26 40.06 +18 24 46.97         24.5 r      568
     H003047  C2015 01 26.39930 08 26 38.65 +18 24 51.55         23.8 r      568
     H003048  C2015 01 26.29351 08 27 07.78 +18 26 33.78         24.0 r      568
     H003048  C2015 01 26.32259 08 27 05.86 +18 26 40.11         23.8 r      568
     H003048  C2015 01 26.34710 08 27 04.22 +18 26 45.17         23.9 r      568
     H003048  C2015 01 26.37433 08 27 02.39 +18 26 50.93         23.7 r      568
     H003048  C2015 01 26.39930 08 27 00.70 +18 26 56.05         23.7 r      568
     H003049  C2015 01 26.29351 08 25 54.45 +18 14 31.61         23.1 r      568
     H003049  C2015 01 26.34710 08 25 51.55 +18 14 40.47         23.1 r      568
     H003049  C2015 01 26.37433 08 25 50.06 +18 14 44.89         23.7 r      568
     H003050  C2015 01 26.29351 08 25 54.07 +18 21 50.47         23.5 r      568
     H003050  C2015 01 26.32259 08 25 52.50 +18 21 56.47         23.2 r      568
     H003050  C2015 01 26.34710 08 25 51.21 +18 22 01.77         23.4 r      568
     H003050  C2015 01 26.37433 08 25 49.75 +18 22 07.35         23.9 r      568
     H003051  C2015 01 26.32259 08 26 00.02 +18 25 36.23         22.2 r      568
     H003051  C2015 01 26.34710 08 25 58.62 +18 25 41.38         22.1 r      568
     H003051  C2015 01 26.37433 08 25 57.07 +18 25 47.59         21.8 r      568
     H003052  C2015 01 26.29351 08 27 04.98 +18 27 20.74         24.1 r      568
     H003052  C2015 01 26.32259 08 27 03.06 +18 27 33.57         24.7 r      568
     H003052  C2015 01 26.34710 08 27 01.44 +18 27 44.48         23.9 r      568
     H003052  C2015 01 26.37433 08 26 59.64 +18 27 56.36         23.7 r      568
     H003053  C2015 01 26.29351 08 27 32.91 +18 13 48.69         24.5 r      568
     H003053  C2015 01 26.32259 08 27 31.39 +18 14 00.87         24.3 r      568
     H003053  C2015 01 26.34710 08 27 30.09 +18 14 11.11         24.3 r      568
     H003053  C2015 01 26.39930 08 27 27.34 +18 14 32.92         24.3 r      568
     H003054  C2015 01 26.29351 08 26 05.86 +18 13 55.45         22.5 r      568
     H003054  C2015 01 26.32259 08 26 04.10 +18 14 00.98         22.6 r      568
     H003054  C2015 01 26.34710 08 26 02.60 +18 14 05.63         22.3 r      568
     H003054  C2015 01 26.39930 08 25 59.41 +18 14 15.42         22.3 r      568
     H003055  C2015 01 26.32259 08 26 07.62 +18 24 44.13         23.3 r      568
     H003055  C2015 01 26.34710 08 26 05.96 +18 24 46.60         23.6 r      568
     H003055  C2015 01 26.37433 08 26 04.12 +18 24 49.33         23.7 r      568
     H003055  C2015 01 26.39930 08 26 02.48 +18 24 51.82         23.3 r      568
     H003056  C2015 01 26.32259 08 27 17.90 +18 26 16.60         23.1 r      568
     H003056  C2015 01 26.34710 08 27 16.57 +18 26 21.55         22.8 r      568
     H003056  C2015 01 26.37433 08 27 15.04 +18 26 27.32         23.2 r      568
     H003056  C2015 01 26.39930 08 27 13.65 +18 26 32.44         23.5 r      568
     H003057  C2015 01 26.32259 08 26 14.24 +18 27 20.37         23.9 r      568
     H003057  C2015 01 26.34710 08 26 12.91 +18 27 25.99         24.7 r      568
     H003057  C2015 01 26.37433 08 26 11.40 +18 27 32.01         24.1 r      568
     H003057  C2015 01 26.39930 08 26 10.07 +18 27 37.79         24.2 r      568
     H003058  C2015 01 26.29351 08 24 21.63 +17 02 08.62         24.8 r      568
     H003058  C2015 01 26.32259 08 24 19.89 +17 02 16.68         24.5 r      568
     H003058  C2015 01 26.34710 08 24 18.43 +17 02 23.59         24.9 r      568
     H003058  C2015 01 26.37433 08 24 16.76 +17 02 30.99         24.1 r      568
     H003058  C2015 01 26.39930 08 24 15.26 +17 02 37.84         24.1 r      568
     H003059  C2015 01 26.32259 08 24 32.25 +17 05 50.45         23.7 r      568
     H003059  C2015 01 26.34710 08 24 30.91 +17 06 00.33         23.6 r      568
     H003059  C2015 01 26.37433 08 24 29.41 +17 06 11.48         23.9 r      568
     H003059  C2015 01 26.39930 08 24 28.05 +17 06 21.54         23.9 r      568
     H003060  C2015 01 26.29351 08 24 14.78 +17 05 47.94         23.3 r      568
     H003060  C2015 01 26.32259 08 24 14.60 +17 05 48.63         23.6 r      568
     H003060  C2015 01 26.34710 08 24 14.46 +17 05 49.08         23.7 r      568
     H003060  C2015 01 26.37433 08 24 14.27 +17 05 49.59         23.4 r      568
     H003060  C2015 01 26.39930 08 24 14.14 +17 05 51.20         23.0 r      568
     H003066  C2015 01 26.29351 08 25 38.42 +17 15 58.40         24.3 r      568
     H003066  C2015 01 26.34710 08 25 35.62 +17 16 09.07         24.4 r      568
     H003066  C2015 01 26.37433 08 25 34.20 +17 16 14.39         24.9 r      568
     H003066  C2015 01 26.39930 08 25 32.88 +17 16 19.35         24.2 r      568
     H003070  C2015 01 26.29351 08 25 20.40 +17 13 23.70         24.1 r      568
     H003070  C2015 01 26.32259 08 25 18.56 +17 13 28.69         24.3 r      568
     H003070  C2015 01 26.34710 08 25 17.00 +17 13 33.06         23.8 r      568
     H003070  C2015 01 26.37433 08 25 15.27 +17 13 37.80         24.6 r      568
     H003070  C2015 01 26.39930 08 25 13.69 +17 13 42.02         23.8 r      568
     H003071  C2015 01 26.32259 08 24 43.08 +17 14 15.38         25.4 r      568
     H003071  C2015 01 26.34710 08 24 41.73 +17 14 20.90         24.7 r      568
     H003071  C2015 01 26.37433 08 24 40.23 +17 14 27.07         24.6 r      568
     H003071  C2015 01 26.39930 08 24 38.86 +17 14 32.64         24.2 r      568
     H003074  C2015 01 26.29351 08 25 29.03 +17 07 49.67         23.8 r      568
     H003074  C2015 01 26.32259 08 25 27.59 +17 07 58.96         23.7 r      568
     H003074  C2015 01 26.34710 08 25 26.36 +17 08 07.06         24.2 r      568
     H003074  C2015 01 26.39930 08 25 23.71 +17 08 23.62         23.8 r      568
     H003075  C2015 01 26.32259 08 24 30.52 +17 02 45.60         24.5 r      568
     H003075  C2015 01 26.34710 08 24 29.17 +17 02 50.37         24.6 r      568
     H003075  C2015 01 26.37433 08 24 27.63 +17 02 55.61         24.7 r      568
     H003075  C2015 01 26.39930 08 24 26.23 +17 03 00.36         24.1 r      568
     H003076  C2015 01 26.29351 08 24 07.45 +17 46 57.27         23.8 r      568
     H003076  C2015 01 26.32259 08 24 05.70 +17 47 00.68         23.7 r      568
     H003076  C2015 01 26.34710 08 24 04.22 +17 47 03.51         23.9 r      568
     H003076  C2015 01 26.37433 08 24 02.56 +17 47 06.70         24.0 r      568
     H003076  C2015 01 26.39930 08 24 01.05 +17 47 09.52         23.6 r      568
     H003078  C2015 01 26.29351 08 25 05.30 +17 20 58.70         24.0 r      568
     H003078  C2015 01 26.32259 08 25 03.33 +17 21 06.06         24.4 r      568
     H003078  C2015 01 26.34710 08 25 01.65 +17 21 12.20         24.4 r      568
     H003078  C2015 01 26.37433 08 24 59.86 +17 21 18.86         24.1 r      568
     H003078  C2015 01 26.39930 08 24 58.15 +17 21 24.99         23.5 r      568
     H003079  C2015 01 26.29351 08 24 33.70 +17 22 27.48         24.0 r      568
     H003079  C2015 01 26.29351 08 25 20.92 +17 49 37.03         24.2 r      568
     H003079  C2015 01 26.32259 08 24 32.08 +17 22 33.17         24.2 r      568
     H003079  C2015 01 26.32259 08 25 19.08 +17 49 47.87         24.0 r      568
     H003079  C2015 01 26.34710 08 24 30.72 +17 22 37.68         23.7 r      568
     H003079  C2015 01 26.34710 08 25 17.52 +17 49 56.84         24.6 r      568
     H003079  C2015 01 26.37433 08 24 29.17 +17 22 43.46         24.3 r      568
     H003079  C2015 01 26.37433 08 25 15.75 +17 50 07.15         24.3 r      568
     H003079  C2015 01 26.39930 08 24 27.79 +17 22 47.71         23.7 r      568
     H003079  C2015 01 26.39930 08 25 14.14 +17 50 16.35         24.5 r      568
     H003080  C2015 01 26.29351 08 24 22.80 +17 22 50.48         23.4 r      568
     H003080  C2015 01 26.29351 08 24 29.97 +17 51 04.63         23.5 r      568
     H003080  C2015 01 26.32259 08 24 20.89 +17 22 59.48         23.7 r      568
     H003080  C2015 01 26.32259 08 24 28.25 +17 51 02.88         23.6 r      568
     H003080  C2015 01 26.34710 08 24 19.29 +17 23 06.95         23.7 r      568
     H003080  C2015 01 26.34710 08 24 26.80 +17 51 01.36         23.7 r      568
     H003080  C2015 01 26.37433 08 24 17.49 +17 23 15.39         24.1 r      568
     H003080  C2015 01 26.37433 08 24 25.19 +17 50 59.58         23.7 r      568
     H003080  C2015 01 26.39930 08 24 15.81 +17 23 22.84         23.5 r      568
     H003080  C2015 01 26.39930 08 24 23.71 +17 50 58.10         23.7 r      568
     H003081  C2015 01 26.29351 08 24 41.55 +17 23 03.53         24.4 r      568
     H003081  C2015 01 26.32259 08 24 39.85 +17 23 09.40         24.8 r      568
     H003081  C2015 01 26.34710 08 24 38.35 +17 23 14.53         24.7 r      568
     H003081  C2015 01 26.37433 08 24 36.70 +17 23 20.19         24.6 r      568
     H003081  C2015 01 26.39930 08 24 35.19 +17 23 25.12         24.3 r      568
     H003082  C2015 01 26.29351 08 25 28.79 +17 23 33.19         24.0 r      568
     H003082  C2015 01 26.32259 08 25 26.78 +17 23 39.54         24.2 r      568
     H003082  C2015 01 26.34710 08 25 25.06 +17 23 44.69         23.6 r      568
     H003082  C2015 01 26.37433 08 25 23.16 +17 23 50.58         24.3 r      568
     H003082  C2015 01 26.39930 08 25 21.43 +17 23 55.87         24.1 r      568
     H003084  C2015 01 26.29351 08 25 05.15 +17 57 33.99         23.4 r      568
     H003084  C2015 01 26.29351 08 25 08.50 +17 25 59.39         22.9 r      568
     H003084  C2015 01 26.32259 08 25 03.45 +17 57 42.39         23.5 r      568
     H003084  C2015 01 26.32259 08 25 06.85 +17 25 59.55         22.6 r      568
     H003084  C2015 01 26.34710 08 25 02.00 +17 57 49.56         23.6 r      568
     H003084  C2015 01 26.34710 08 25 05.46 +17 25 59.66         22.7 r      568
     H003084  C2015 01 26.37433 08 25 00.40 +17 57 57.26         23.5 r      568
     H003084  C2015 01 26.37433 08 25 03.90 +17 25 59.76         23.0 r      568
     H003084  C2015 01 26.39930 08 24 58.92 +17 58 04.41         23.6 r      568
     H003084  C2015 01 26.39930 08 25 02.49 +17 25 59.81         23.2 r      568
     H003085  C2015 01 26.29351 08 25 25.11 +17 26 49.79         24.3 r      568
     H003085  C2015 01 26.32259 08 25 23.52 +17 26 58.96         23.8 r      568
     H003085  C2015 01 26.34710 08 25 22.16 +17 27 07.84         24.4 r      568
     H003085  C2015 01 26.37433 08 25 20.65 +17 27 17.09         24.3 r      568
     H003085  C2015 01 26.39930 08 25 19.27 +17 27 25.49         24.3 r      568
     H003086  C2015 01 26.29351 08 24 23.61 +17 27 28.15         23.5 r      568
     H003086  C2015 01 26.32259 08 24 21.74 +17 27 25.70         24.1 r      568
     H003086  C2015 01 26.34710 08 24 20.12 +17 27 23.11         23.5 r      568
     H003086  C2015 01 26.37433 08 24 18.33 +17 27 20.34         24.1 r      568
     H003086  C2015 01 26.39930 08 24 16.67 +17 27 17.61         24.3 r      568
     H003087  C2015 01 26.29351 08 25 49.28 +18 03 55.20         25.0 r      568
     H003087  C2015 01 26.32259 08 25 47.79 +18 04 05.20         24.8 r      568
     H003087  C2015 01 26.34710 08 25 46.56 +18 04 13.54         24.2 r      568
     H003087  C2015 01 26.37433 08 25 45.16 +18 04 22.86         24.4 r      568
     H003087  C2015 01 26.39930 08 25 43.90 +18 04 31.36         24.4 r      568
     H003088  C2015 01 26.29351 08 25 05.54 +17 29 33.13         24.4 r      568
     H003088  C2015 01 26.29351 08 25 45.51 +18 04 33.51         23.8 r      568
     H003088  C2015 01 26.32259 08 25 03.75 +17 29 38.12         24.2 r      568
     H003088  C2015 01 26.32259 08 25 44.02 +18 04 42.35         23.2 r      568
     H003088  C2015 01 26.34710 08 25 42.75 +18 04 49.86         23.3 r      568
     H003088  C2015 01 26.37433 08 25 00.59 +17 29 47.11         23.8 r      568
     H003088  C2015 01 26.37433 08 25 41.34 +18 04 58.21         23.3 r      568
     H003088  C2015 01 26.39930 08 24 59.07 +17 29 51.66         24.4 r      568
     H003088  C2015 01 26.39930 08 25 40.03 +18 05 05.81         23.1 r      568
     H003090  C2015 01 26.29351 08 24 11.66 +18 05 56.64         24.3 r      568
     H003090  C2015 01 26.29351 08 25 00.37 +17 30 59.60         23.5 r      568
     H003090  C2015 01 26.32259 08 24 09.71 +18 06 00.17         23.7 r      568
     H003090  C2015 01 26.32259 08 24 58.53 +17 31 07.41         23.7 r      568
     H003090  C2015 01 26.34710 08 24 08.06 +18 06 03.09         23.8 r      568
     H003090  C2015 01 26.34710 08 24 56.99 +17 31 14.05         24.0 r      568
     H003090  C2015 01 26.37433 08 24 55.28 +17 31 21.37         23.6 r      568
     H003090  C2015 01 26.39930 08 24 04.54 +18 06 08.99         23.7 r      568
     H003090  C2015 01 26.39930 08 24 53.69 +17 31 27.94         23.5 r      568
     H003092  C2015 01 26.29351 08 24 37.67 +17 31 09.93         23.7 r      568
     H003092  C2015 01 26.32259 08 24 36.19 +17 31 15.25         24.2 r      568
     H003092  C2015 01 26.34710 08 24 34.90 +17 31 20.01         24.0 r      568
     H003092  C2015 01 26.37433 08 24 33.45 +17 31 25.25         23.9 r      568
     H003092  C2015 01 26.39930 08 24 32.10 +17 31 30.17         24.3 r      568
     H003093  C2015 01 26.29351 08 24 10.48 +18 09 42.13         22.8 r      568
     H003093  C2015 01 26.29351 08 25 35.32 +17 31 20.06         24.2 r      568
     H003093  C2015 01 26.34710 08 24 07.80 +18 09 51.55         22.8 r      568
     H003095  C2015 01 26.29351 08 25 45.55 +18 12 53.81         22.1 r      568
     H003095  C2015 01 26.32259 08 25 44.03 +18 13 05.71         22.1 r      568
     H003095  C2015 01 26.34710 08 25 42.76 +18 13 15.69         22.1 r      568
     H003095  C2015 01 26.37433 08 24 19.98 +17 32 13.79         23.2 r      568
     H003095  C2015 01 26.37433 08 25 41.33 +18 13 26.74         22.1 r      568
     H003095  C2015 01 26.39930 08 25 40.03 +18 13 36.85         22.0 r      568
     H003096  C2015 01 26.29351 08 25 23.38 +18 12 48.52         22.4 r      568
     H003096  C2015 01 26.32259 08 25 21.75 +18 12 53.87         22.4 r      568
     H003096  C2015 01 26.34710 08 25 20.38 +18 12 58.32         22.6 r      568
     H003096  C2015 01 26.37433 08 25 18.86 +18 13 03.23         22.7 r      568
     H003096  C2015 01 26.39930 08 25 17.46 +18 13 07.71         22.5 r      568
     H003098  C2015 01 26.29351 08 24 03.19 +18 11 30.32         23.7 r      568
     H003098  C2015 01 26.29351 08 24 31.24 +17 33 53.23         24.4 r      568
     H003098  C2015 01 26.32259 08 24 01.52 +18 11 35.68         23.7 r      568
     H003098  C2015 01 26.32259 08 24 29.62 +17 33 58.67         24.4 r      568
     H003098  C2015 01 26.34710 08 24 00.15 +18 11 39.79         24.2 r      568
     H003098  C2015 01 26.34710 08 24 28.26 +17 34 03.13         24.1 r      568
     H003098  C2015 01 26.37433 08 23 58.60 +18 11 44.68         23.4 r      568
     H003098  C2015 01 26.37433 08 24 26.74 +17 34 08.22         23.7 r      568
     H003098  C2015 01 26.39930 08 23 57.17 +18 11 49.04         23.7 r      568
     H003098  C2015 01 26.39930 08 24 25.33 +17 34 12.93         23.3 r      568
     H003099  C2015 01 26.29351 08 24 45.40 +17 35 17.34         23.3 r      568
     H003099  C2015 01 26.34710 08 24 38.36 +18 08 59.63         22.3 r      568
     H003099  C2015 01 26.34710 08 24 42.65 +17 35 28.15         23.2 r      568
     H003099  C2015 01 26.37433 08 24 41.24 +17 35 33.47         23.3 r      568
     H003099  C2015 01 26.39930 08 24 39.95 +17 35 38.47         23.3 r      568
     H003101  C2015 01 26.32259 08 24 04.66 +17 37 50.08         24.0 r      568
     H003101  C2015 01 26.34710 08 24 03.21 +17 37 47.61         24.0 r      568
     H003101  C2015 01 26.39930 08 24 37.03 +18 11 14.95         22.7 r      568
     H003102  C2015 01 26.29351 08 25 01.45 +17 38 15.34         20.6 r      568
     H003102  C2015 01 26.32259 08 24 59.92 +17 38 23.72         20.6 r      568
     H003102  C2015 01 26.34710 08 24 58.62 +17 38 30.72         20.7 r      568
     H003102  C2015 01 26.37433 08 24 57.17 +17 38 38.48         20.8 r      568
     H003102  C2015 01 26.39930 08 24 55.84 +17 38 45.58         21.1 r      568
     H003103  C2015 01 26.29351 08 24 11.35 +17 38 17.04         23.6 r      568
     H003103  C2015 01 26.32259 08 24 09.69 +17 38 24.77         23.8 r      568
     H003103  C2015 01 26.34710 08 24 08.26 +17 38 31.02         23.8 r      568
     H003103  C2015 01 26.37433 08 24 06.73 +17 38 38.41         24.0 r      568
     H003103  C2015 01 26.39930 08 24 05.27 +17 38 45.02         23.9 r      568
     H003104  C2015 01 26.29351 08 25 23.00 +17 38 53.57         23.2 r      568
     H003104  C2015 01 26.32259 08 25 21.08 +17 39 01.24         22.6 r      568
     H003104  C2015 01 26.34710 08 25 19.44 +17 39 07.72         22.9 r      568
     H003104  C2015 01 26.37433 08 25 17.61 +17 39 14.77         22.9 r      568
     H003104  C2015 01 26.39930 08 25 15.94 +17 39 21.29         23.1 r      568
     H003105  C2015 01 26.29351 08 24 36.01 +17 39 10.36         24.4 r      568
     H003105  C2015 01 26.32259 08 24 34.34 +17 39 14.95         23.7 r      568
     H003105  C2015 01 26.34710 08 24 32.92 +17 39 18.79         23.9 r      568
     H003105  C2015 01 26.37433 08 24 31.34 +17 39 22.89         24.1 r      568
     H003105  C2015 01 26.39930 08 24 29.88 +17 39 26.88         24.0 r      568
     H003106  C2015 01 26.29351 08 24 12.00 +18 03 42.94         23.1 r      568
     H003106  C2015 01 26.32259 08 24 10.28 +18 03 52.06         22.9 r      568
     H003106  C2015 01 26.34710 08 24 08.84 +18 03 59.78         22.8 r      568
     H003106  C2015 01 26.39930 08 24 05.76 +18 04 16.16         22.7 r      568
     H003107  C2015 01 26.29351 08 24 15.03 +18 08 05.96         24.4 r      568
     H003107  C2015 01 26.32259 08 24 13.42 +18 08 11.40         24.1 r      568
     H003107  C2015 01 26.34710 08 24 12.08 +18 08 15.95         24.1 r      568
     H003107  C2015 01 26.39930 08 24 09.16 +18 08 25.49         24.3 r      568
     H003110  C2015 01 26.29351 08 24 45.60 +17 58 01.66         24.3 r      568
     H003110  C2015 01 26.32259 08 24 43.90 +17 58 09.23         24.3 r      568
     H003110  C2015 01 26.37433 08 24 40.89 +17 58 22.71         24.3 r      568
     H003111  C2015 01 26.29351 08 25 42.46 +17 59 10.39         22.9 r      568
     H003111  C2015 01 26.32259 08 25 40.74 +17 59 13.53         23.1 r      568
     H003111  C2015 01 26.37433 08 25 37.67 +17 59 19.07         22.9 r      568
     H003111  C2015 01 26.39930 08 25 36.19 +17 59 21.58         22.9 r      568
     H003112  C2015 01 26.29351 08 25 47.85 +17 47 23.30         22.8 r      568
     H003112  C2015 01 26.34710 08 25 44.40 +17 47 12.23         22.7 r      568
     H003112  C2015 01 26.37433 08 25 42.62 +17 47 06.57         22.7 r      568
     H003112  C2015 01 26.39930 08 25 41.00 +17 47 01.38         22.7 r      568
     H003113  C2015 01 26.29351 08 24 11.14 +17 21 01.07         23.8 r      568
     H003113  C2015 01 26.32259 08 24 09.51 +17 21 01.09         24.0 r      568
     H003113  C2015 01 26.34710 08 24 08.14 +17 21 01.01         23.6 r      568
     H003113  C2015 01 26.37433 08 25 18.14 +18 05 02.01         22.7 r      568
     H003113  C2015 01 26.39930 08 24 05.22 +17 21 00.81         23.5 r      568
     H003113  C2015 01 26.39930 08 25 16.77 +18 05 08.13         23.2 r      568
     H003114  C2015 01 26.29351 08 24 19.89 +17 28 43.99         24.6 r      568
     H003114  C2015 01 26.29351 08 24 40.55 +18 07 15.73         24.6 r      568
     H003114  C2015 01 26.32259 08 24 17.83 +17 28 51.71         24.2 r      568
     H003114  C2015 01 26.34710 08 24 37.89 +18 07 26.17         24.3 r      568
     H003114  C2015 01 26.37433 08 24 14.11 +17 29 05.24         24.0 r      568
     H003114  C2015 01 26.37433 08 24 36.52 +18 07 31.32         24.1 r      568
     H003114  C2015 01 26.39930 08 24 12.31 +17 29 11.67         24.0 r      568
     H003114  C2015 01 26.39930 08 24 35.25 +18 07 36.16         24.0 r      568
     H003115  C2015 01 26.29351 08 25 32.31 +17 28 42.94         23.6 r      568
     H003115  C2015 01 26.34710 08 25 28.72 +17 28 58.99         22.8 r      568
     H003115  C2015 01 26.37433 08 25 26.89 +17 29 06.46         23.3 r      568
     H003115  C2015 01 26.39930 08 25 25.21 +17 29 13.27         23.0 r      568
     H003117  C2015 01 26.32259 08 24 46.20 +17 19 35.12         24.3 r      568
     H003117  C2015 01 26.32259 08 25 12.67 +17 45 45.14         24.3 r      568
     H003117  C2015 01 26.34710 08 24 44.86 +17 19 39.75         23.7 r      568
     H003117  C2015 01 26.34710 08 25 11.32 +17 45 51.14         24.0 r      568
     H003117  C2015 01 26.37433 08 25 09.82 +17 45 57.89         24.8 r      568
     H003117  C2015 01 26.39930 08 24 42.06 +17 19 49.54         23.6 r      568
     H003117  C2015 01 26.39930 08 25 08.42 +17 46 04.09         24.3 r      568
     H003118  C2015 01 26.32259 08 25 20.90 +17 53 09.45         24.4 r      568
     H003118  C2015 01 26.34710 08 25 19.51 +17 53 14.44         23.9 r      568
     H003118  C2015 01 26.37433 08 25 17.99 +17 53 19.38         24.4 r      568
     H003120  C2015 01 26.32259 08 24 45.03 +18 01 32.21         24.0 r      568
     H003120  C2015 01 26.32259 08 24 55.78 +17 35 46.36         23.6 r      568
     H003120  C2015 01 26.34710 08 24 43.84 +18 01 40.17         24.1 r      568
     H003120  C2015 01 26.34710 08 24 53.93 +17 35 47.21         24.3 r      568
     H003120  C2015 01 26.37433 08 24 42.49 +18 01 48.91         24.2 r      568
     H003120  C2015 01 26.37433 08 24 51.92 +17 35 48.34         24.5 r      568
     H003120  C2015 01 26.39930 08 24 41.27 +18 01 56.91         23.7 r      568
     H003120  C2015 01 26.39930 08 24 50.04 +17 35 49.17         24.4 r      568
     H003121  C2015 01 26.32259 08 25 24.95 +17 36 08.80         22.9 r      568
     H003121  C2015 01 26.34710 08 25 23.61 +17 36 16.21         23.1 r      568
     H003121  C2015 01 26.37433 08 25 22.12 +17 36 24.42         23.1 r      568
     H003121  C2015 01 26.39930 08 25 20.75 +17 36 31.99         23.1 r      568
     H003122  C2015 01 26.32259 08 24 40.26 +18 07 44.75         24.9 r      568
     H003122  C2015 01 26.32259 08 25 34.17 +17 36 42.92         23.5 r      568
     H003122  C2015 01 26.34710 08 24 38.73 +18 07 50.35         24.0 r      568
     H003122  C2015 01 26.34710 08 25 32.83 +17 36 48.62         24.2 r      568
     H003122  C2015 01 26.37433 08 24 36.91 +18 07 56.21         24.2 r      568
     H003122  C2015 01 26.37433 08 25 31.34 +17 36 55.20         24.7 r      568
     H003122  C2015 01 26.39930 08 24 35.33 +18 08 01.87         24.2 r      568
     H003122  C2015 01 26.39930 08 25 29.98 +17 37 00.89         24.2 r      568
     H003123  C2015 01 26.32259 08 25 34.29 +18 13 16.18         23.6 r      568
     H003123  C2015 01 26.34710 08 25 32.59 +18 13 14.65         23.5 r      568
     H003123  C2015 01 26.37433 08 25 30.69 +18 13 13.02         23.5 r      568
     H003123  C2015 01 26.39930 08 25 28.95 +18 13 11.38         23.9 r      568
     H003124  C2015 01 26.32259 08 24 24.10 +17 39 42.03         24.3 r      568
     H003124  C2015 01 26.34710 08 24 22.43 +17 39 39.26         24.0 r      568
     H003124  C2015 01 26.37433 08 24 20.54 +17 39 36.12         24.7 r      568
     H003124  C2015 01 26.39930 08 24 18.84 +17 39 33.27         24.9 r      568
     H003125  C2015 01 26.29351 08 24 36.90 +18 14 52.61         23.5 r      568
     H003125  C2015 01 26.32259 08 24 35.42 +18 14 58.28         24.1 r      568
     H003125  C2015 01 26.34710 08 24 34.13 +18 15 03.03         24.4 r      568
     H003125  C2015 01 26.37433 08 24 32.70 +18 15 08.34         24.1 r      568
     H003125  C2015 01 26.39930 08 24 31.39 +18 15 13.04         24.1 r      568
     H003126  C2015 01 26.29351 08 24 20.02 +18 15 32.76         23.6 r      568
     H003126  C2015 01 26.32259 08 24 17.93 +18 15 34.91         23.8 r      568
     H003126  C2015 01 26.34710 08 24 16.17 +18 15 36.76         23.6 r      568
     H003126  C2015 01 26.37433 08 24 14.22 +18 15 38.73         23.4 r      568
     H003126  C2015 01 26.39930 08 24 12.39 +18 15 40.44         23.2 r      568
     H003127  C2015 01 26.29351 08 25 19.13 +18 15 55.37         22.6 r      568
     H003127  C2015 01 26.32259 08 25 17.39 +18 15 55.66         22.3 r      568
     H003127  C2015 01 26.34710 08 25 15.92 +18 15 55.92         22.1 r      568
     H003127  C2015 01 26.37433 08 25 14.28 +18 15 56.14         22.2 r      568
     H003127  C2015 01 26.39930 08 25 12.78 +18 15 56.34         22.5 r      568
     H003128  C2015 01 26.29351 08 25 17.49 +18 17 42.66         24.2 r      568
     H003128  C2015 01 26.32259 08 25 15.89 +18 17 44.04         24.3 r      568
     H003128  C2015 01 26.34710 08 25 14.55 +18 17 44.96         23.8 r      568
     H003128  C2015 01 26.37433 08 25 13.07 +18 17 46.33         24.5 r      568
     H003128  C2015 01 26.39930 08 25 11.69 +18 17 47.42         24.0 r      568
     H003129  C2015 01 26.29351 08 25 02.17 +18 18 15.60         22.8 r      568
     H003129  C2015 01 26.32259 08 25 00.23 +18 18 15.67         22.5 r      568
     H003129  C2015 01 26.34710 08 24 58.59 +18 18 15.67         22.5 r      568
     H003129  C2015 01 26.37433 08 24 56.75 +18 18 15.64         22.5 r      568
     H003129  C2015 01 26.39930 08 24 55.07 +18 18 15.57         22.5 r      568
     H003130  C2015 01 26.29351 08 25 30.41 +18 18 20.83         21.4 r      568
     H003130  C2015 01 26.32259 08 25 28.73 +18 18 21.13         21.9 r      568
     H003130  C2015 01 26.34710 08 25 27.37 +18 18 21.16         21.5 r      568
     H003130  C2015 01 26.37433 08 25 25.82 +18 18 21.41         21.3 r      568
     H003130  C2015 01 26.39930 08 25 24.39 +18 18 21.51         21.3 r      568
     H003131  C2015 01 26.29351 08 24 21.47 +18 18 18.82         23.6 r      568
     H003131  C2015 01 26.32259 08 24 19.73 +18 18 16.86         23.6 r      568
     H003131  C2015 01 26.34710 08 24 18.24 +18 18 15.09         23.6 r      568
     H003131  C2015 01 26.37433 08 24 16.59 +18 18 13.04         23.6 r      568
     H003131  C2015 01 26.39930 08 24 15.07 +18 18 11.08         23.7 r      568
     H003132  C2015 01 26.29351 08 24 42.54 +18 18 33.59         23.4 r      568
     H003132  C2015 01 26.32259 08 24 40.83 +18 18 47.84         23.5 r      568
     H003132  C2015 01 26.34710 08 24 39.36 +18 18 59.92         23.7 r      568
     H003132  C2015 01 26.37433 08 24 37.74 +18 19 13.27         23.6 r      568
     H003132  C2015 01 26.39930 08 24 36.26 +18 19 25.50         23.6 r      568
     H003133  C2015 01 26.29351 08 25 28.54 +18 19 41.07         23.4 r      568
     H003133  C2015 01 26.32259 08 25 26.46 +18 19 37.80         23.2 r      568
     H003133  C2015 01 26.34710 08 25 24.71 +18 19 35.05         23.4 r      568
     H003133  C2015 01 26.37433 08 25 22.77 +18 19 31.99         23.3 r      568
     H003133  C2015 01 26.39930 08 25 20.98 +18 19 29.08         23.1 r      568
     H003134  C2015 01 26.29351 08 24 25.73 +18 20 10.27         24.2 r      568
     H003134  C2015 01 26.32259 08 24 24.07 +18 20 11.26         23.9 r      568
     H003134  C2015 01 26.34710 08 24 22.70 +18 20 12.29         24.1 r      568
     H003134  C2015 01 26.37433 08 24 21.14 +18 20 13.17         24.0 r      568
     H003134  C2015 01 26.39930 08 24 19.71 +18 20 13.94         24.0 r      568
     H003135  C2015 01 26.29351 08 25 01.01 +18 20 22.56         23.7 r      568
     H003135  C2015 01 26.32259 08 24 59.26 +18 20 31.34         23.6 r      568
     H003135  C2015 01 26.34710 08 24 57.80 +18 20 38.54         24.0 r      568
     H003135  C2015 01 26.37433 08 24 56.13 +18 20 46.85         23.3 r      568
     H003135  C2015 01 26.39930 08 24 54.61 +18 20 54.26         23.4 r      568
     H003136  C2015 01 26.29351 08 24 03.87 +18 21 41.40         24.0 r      568
     H003136  C2015 01 26.32259 08 24 02.31 +18 21 47.05         24.1 r      568
     H003136  C2015 01 26.34710 08 24 01.01 +18 21 51.99         23.6 r      568
     H003136  C2015 01 26.37433 08 23 59.55 +18 21 57.14         23.8 r      568
     H003136  C2015 01 26.39930 08 23 58.21 +18 22 01.88         24.1 r      568
     H003137  C2015 01 26.29351 08 24 26.12 +18 24 09.56         21.1 r      568
     H003137  C2015 01 26.32259 08 24 24.45 +18 24 08.53         21.1 r      568
     H003137  C2015 01 26.34710 08 24 23.04 +18 24 07.63         21.2 r      568
     H003137  C2015 01 26.37433 08 24 21.46 +18 24 06.57         21.4 r      568
     H003137  C2015 01 26.39930 08 24 20.02 +18 24 05.63         21.7 r      568
     H003138  C2015 01 26.29351 08 24 42.65 +18 24 48.34         22.3 r      568
     H003138  C2015 01 26.32259 08 24 41.16 +18 24 53.71         22.2 r      568
     H003138  C2015 01 26.34710 08 24 39.89 +18 24 58.19         22.2 r      568
     H003138  C2015 01 26.37433 08 24 38.48 +18 25 03.20         22.1 r      568
     H003138  C2015 01 26.39930 08 24 37.18 +18 25 07.74         22.3 r      568
     H003139  C2015 01 26.29351 08 25 05.70 +18 15 43.41         22.6 r      568
     H003139  C2015 01 26.32259 08 25 04.06 +18 15 50.61         22.4 r      568
     H003139  C2015 01 26.34710 08 25 02.70 +18 15 56.72         22.6 r      568
     H003139  C2015 01 26.37433 08 25 01.18 +18 16 03.51         22.4 r      568
     H003141  C2015 01 26.29351 08 25 01.87 +18 26 40.13         22.6 r      568
     H003141  C2015 01 26.32259 08 25 00.25 +18 26 51.02         22.9 r      568
     H003141  C2015 01 26.34710 08 24 58.88 +18 27 00.18         22.6 r      568
     H003141  C2015 01 26.37433 08 24 57.35 +18 27 10.22         22.7 r      568
     H003142  C2015 01 26.29351 08 24 30.36 +18 17 18.56         24.2 r      568
     H003142  C2015 01 26.32259 08 24 28.40 +18 17 27.83         24.6 r      568
     H003142  C2015 01 26.34710 08 24 26.71 +18 17 35.65         24.4 r      568
     H003142  C2015 01 26.39930 08 24 23.14 +18 17 52.18         24.4 r      568
     H003143  C2015 01 26.29351 08 25 05.19 +18 21 47.63         23.3 r      568
     H003143  C2015 01 26.32259 08 25 03.65 +18 21 54.03         23.3 r      568
     H003143  C2015 01 26.34710 08 25 02.36 +18 21 59.42         23.3 r      568
     H003143  C2015 01 26.39930 08 24 59.59 +18 22 10.81         23.4 r      568
     H003144  C2015 01 26.29351 08 24 40.11 +18 22 19.74         22.8 r      568
     H003144  C2015 01 26.32259 08 24 38.41 +18 22 29.03         22.5 r      568
     H003144  C2015 01 26.39930 08 24 33.89 +18 22 53.33         23.2 r      568
     H003145  C2015 01 26.29351 08 25 50.76 +18 19 01.60         24.3 r      568
     H003145  C2015 01 26.34710 08 25 47.81 +18 19 15.51         24.4 r      568
     H003145  C2015 01 26.37433 08 25 46.25 +18 19 22.63         24.0 r      568
     H003145  C2015 01 26.39930 08 25 44.91 +18 19 28.94         24.3 r      568
     H003146  C2015 01 26.29351 08 24 31.71 +18 23 33.51         24.3 r      568
     H003146  C2015 01 26.34710 08 24 28.63 +18 23 49.04         24.4 r      568
     H003146  C2015 01 26.37433 08 24 27.06 +18 23 56.68         24.4 r      568
     H003146  C2015 01 26.39930 08 24 25.62 +18 24 03.75         24.3 r      568
     H003148  C2015 01 26.32259 08 25 04.15 +18 14 16.54         25.0 r      568
     H003148  C2015 01 26.34710 08 25 02.47 +18 14 20.62         24.8 r      568
     H003148  C2015 01 26.37433 08 25 00.58 +18 14 25.40         24.8 r      568
     H003148  C2015 01 26.39930 08 24 58.88 +18 14 29.37         25.4 r      568
     H003149  C2015 01 26.32259 08 24 38.09 +18 19 58.48         24.0 r      568
     H003149  C2015 01 26.34710 08 24 36.76 +18 20 03.80         24.0 r      568
     H003149  C2015 01 26.37433 08 24 35.28 +18 20 09.00         23.5 r      568
     H003149  C2015 01 26.39930 08 24 33.94 +18 20 15.30         24.3 r      568
     H003150  C2015 01 26.32259 08 24 42.89 +18 20 09.76         22.3 r      568
     H003150  C2015 01 26.34710 08 24 41.36 +18 20 18.58         22.6 r      568
     H003150  C2015 01 26.37433 08 24 39.68 +18 20 28.40         22.7 r      568
     H003150  C2015 01 26.39930 08 24 38.09 +18 20 37.33         22.3 r      568
     H003151  C2015 01 26.32259 08 25 34.30 +18 24 30.38         23.7 r      568
     H003151  C2015 01 26.34710 08 25 32.90 +18 24 31.73         23.6 r      568
     H003151  C2015 01 26.37433 08 25 31.33 +18 24 33.16         23.6 r      568
     H003152  C2015 01 26.29351 08 23 44.03 +17 13 23.18         23.8 r      568
     H003152  C2015 01 26.32259 08 23 42.09 +17 13 28.46         24.2 r      568
     H003152  C2015 01 26.34710 08 23 40.46 +17 13 32.64         23.5 r      568
     H003152  C2015 01 26.37433 08 23 38.64 +17 13 37.73         24.0 r      568
     H003152  C2015 01 26.39930 08 23 36.97 +17 13 42.00         24.3 r      568
     H003155  C2015 01 26.29351 08 23 01.39 +17 18 33.35         22.4 r      568
     H003155  C2015 01 26.32259 08 22 59.74 +17 18 42.20         22.4 r      568
     H003155  C2015 01 26.34710 08 22 58.35 +17 18 49.61         22.3 r      568
     H003155  C2015 01 26.37433 08 22 56.81 +17 18 57.97         22.3 r      568
     H003155  C2015 01 26.39930 08 22 55.39 +17 19 05.46         22.4 r      568
     H003156  C2015 01 26.29351 08 23 02.76 +17 19 32.28         24.2 r      568
     H003156  C2015 01 26.32259 08 23 01.18 +17 19 37.99         24.3 r      568
     H003156  C2015 01 26.37433 08 22 58.30 +17 19 47.87         24.8 r      568
     H003158  C2015 01 26.29351 08 22 57.54 +17 22 15.82         23.2 r      568
     H003158  C2015 01 26.32259 08 22 55.66 +17 22 24.28         22.7 r      568
     H003158  C2015 01 26.34710 08 22 54.06 +17 22 31.41         23.2 r      568
     H003158  C2015 01 26.37433 08 22 52.28 +17 22 39.30         23.1 r      568
     H003158  C2015 01 26.39930 08 22 50.64 +17 22 46.36         23.2 r      568
     H003160  C2015 01 26.29351 08 23 14.90 +17 26 53.93         24.0 r      568
     H003160  C2015 01 26.32259 08 23 13.39 +17 27 04.19         24.0 r      568
     H003160  C2015 01 26.34710 08 23 12.13 +17 27 12.85         24.1 r      568
     H003160  C2015 01 26.37433 08 23 10.70 +17 27 22.76         24.0 r      568
     H003160  C2015 01 26.39930 08 23 09.44 +17 27 31.10         23.7 r      568
     H003161  C2015 01 26.32259 08 23 17.07 +17 27 05.27         22.1 r      568
     H003161  C2015 01 26.34710 08 23 15.69 +17 27 09.96         22.1 r      568
     H003161  C2015 01 26.37433 08 23 14.16 +17 27 15.09         22.1 r      568
     H003161  C2015 01 26.39930 08 23 12.75 +17 27 19.77         22.1 r      568
     H003162  C2015 01 26.29351 08 22 47.75 +17 29 33.38         22.1 r      568
     H003162  C2015 01 26.32259 08 22 45.97 +17 29 38.55         22.2 r      568
     H003162  C2015 01 26.34710 08 22 44.50 +17 29 42.68         22.4 r      568
     H003162  C2015 01 26.37433 08 22 42.81 +17 29 47.41         21.9 r      568
     H003162  C2015 01 26.39930 08 22 41.27 +17 29 51.62         22.2 r      568
     H003163  C2015 01 26.29351 08 23 00.35 +17 29 43.58         22.5 r      568
     H003163  C2015 01 26.32259 08 22 58.67 +17 29 47.94         22.4 r      568
     H003163  C2015 01 26.34710 08 22 57.24 +17 29 51.63         22.5 r      568
     H003163  C2015 01 26.37433 08 22 55.67 +17 29 55.70         22.4 r      568
     H003163  C2015 01 26.39930 08 22 54.21 +17 29 59.35         22.5 r      568
     H003169  C2015 01 26.29351 08 22 28.57 +17 45 17.31         22.1 r      568
     H003169  C2015 01 26.32259 08 22 27.02 +17 45 17.27         22.1 r      568
     H003169  C2015 01 26.34710 08 22 25.71 +17 45 17.23         22.5 r      568
     H003169  C2015 01 26.37433 08 22 24.25 +17 45 17.12         22.1 r      568
     H003169  C2015 01 26.39930 08 22 22.89 +17 45 16.97         22.3 r      568
     H003171  C2015 01 26.29351 08 23 16.82 +17 40 11.29         23.4 r      568
     H003171  C2015 01 26.34710 08 23 13.84 +17 40 15.71         23.7 r      568
     H003171  C2015 01 26.37433 08 23 12.30 +17 40 17.99         24.1 r      568
     H003171  C2015 01 26.39930 08 23 10.90 +17 40 20.00         23.4 r      568
     H003172  C2015 01 26.32259 08 22 51.79 +17 39 45.03         23.4 r      568
     H003172  C2015 01 26.34710 08 22 50.54 +17 39 53.42         23.3 r      568
     H003172  C2015 01 26.37433 08 22 49.13 +17 40 02.73         23.1 r      568
     H003173  C2015 01 26.29351 08 22 42.29 +17 33 35.09         23.4 r      568
     H003173  C2015 01 26.32259 08 22 40.35 +17 33 38.15         23.5 r      568
     H003173  C2015 01 26.37433 08 22 36.87 +17 33 43.69         23.8 r      568
     H003174  C2015 01 26.29351 08 23 20.58 +17 41 25.21         23.7 r      568
     H003174  C2015 01 26.32259 08 23 19.05 +17 41 38.94         23.9 r      568
     H003174  C2015 01 26.37433 08 23 16.31 +17 42 03.32         23.7 r      568
     H003174  C2015 01 26.39930 08 23 14.97 +17 42 14.92         23.7 r      568
     H003175  C2015 01 26.32259 08 22 58.24 +17 21 40.56         23.9 r      568
     H003175  C2015 01 26.34710 08 22 56.84 +17 21 45.36         23.2 r      568
     H003175  C2015 01 26.37433 08 22 55.29 +17 21 50.10         23.3 r      568
     H003176  C2015 01 26.32259 08 22 46.29 +17 24 46.93         23.5 r      568
     H003176  C2015 01 26.34710 08 22 44.85 +17 24 56.55         23.0 r      568
     H003176  C2015 01 26.37433 08 22 43.18 +17 25 07.25         23.7 r      568
     H003176  C2015 01 26.39930 08 22 41.67 +17 25 17.06         23.5 r      568
     H003177  C2015 01 26.32259 08 23 21.77 +17 36 16.84         24.0 r      568
     H003177  C2015 01 26.34710 08 23 20.32 +17 36 25.15         24.3 r      568
     H003177  C2015 01 26.37433 08 23 18.72 +17 36 33.33         24.0 r      568
     H003177  C2015 01 26.39930 08 23 17.20 +17 36 41.85         24.2 r      568
     H003180  C2015 01 26.29351 08 23 21.25 +17 47 21.18         21.8 r      568
     H003180  C2015 01 26.32259 08 23 19.58 +17 47 25.64         21.8 r      568
     H003180  C2015 01 26.34710 08 23 18.16 +17 47 29.34         22.0 r      568
     H003180  C2015 01 26.37433 08 23 16.58 +17 47 33.48         21.9 r      568
     H003183  C2015 01 26.29351 08 23 25.30 +17 48 34.99         24.4 r      568
     H003183  C2015 01 26.32259 08 23 23.68 +17 48 42.85         24.5 r      568
     H003183  C2015 01 26.34710 08 23 22.32 +17 48 49.62         24.6 r      568
     H003183  C2015 01 26.37433 08 23 20.80 +17 48 56.85         24.2 r      568
     H003183  C2015 01 26.39930 08 23 19.39 +17 49 03.66         24.4 r      568
     H003185  C2015 01 26.29351 08 23 36.58 +17 52 46.51         23.6 r      568
     H003185  C2015 01 26.32259 08 23 34.50 +17 52 49.73         23.3 r      568
     H003185  C2015 01 26.34710 08 23 32.73 +17 52 52.30         23.1 r      568
     H003185  C2015 01 26.37433 08 23 30.73 +17 52 55.14         23.5 r      568
     H003185  C2015 01 26.39930 08 23 28.92 +17 52 57.75         23.3 r      568
     H003187  C2015 01 26.29351 08 22 58.02 +17 54 24.62         24.0 r      568
     H003187  C2015 01 26.32259 08 22 56.62 +17 54 35.46         23.7 r      568
     H003187  C2015 01 26.34710 08 22 55.44 +17 54 44.57         23.8 r      568
     H003187  C2015 01 26.37433 08 22 54.12 +17 54 54.72         23.8 r      568
     H003187  C2015 01 26.39930 08 22 52.91 +17 55 03.99         24.0 r      568
     H003188  C2015 01 26.29351 08 23 18.54 +17 54 41.04         23.3 r      568
     H003188  C2015 01 26.32259 08 23 16.62 +17 54 47.08         23.2 r      568
     H003188  C2015 01 26.34710 08 23 14.99 +17 54 52.16         23.3 r      568
     H003188  C2015 01 26.37433 08 23 13.14 +17 54 57.96         22.9 r      568
     H003188  C2015 01 26.39930 08 23 11.51 +17 55 02.86         23.1 r      568
     H003189  C2015 01 26.29351 08 23 18.16 +17 55 53.62         21.9 r      568
     H003189  C2015 01 26.32259 08 23 16.51 +17 56 02.40         22.0 r      568
     H003189  C2015 01 26.34710 08 23 15.13 +17 56 09.72         22.3 r      568
     H003189  C2015 01 26.37433 08 23 13.56 +17 56 17.72         22.0 r      568
     H003189  C2015 01 26.39930 08 23 12.14 +17 56 25.06         21.9 r      568
     H003190  C2015 01 26.29351 08 23 18.38 +17 57 55.42         22.7 r      568
     H003190  C2015 01 26.32259 08 23 16.80 +17 58 00.93         23.0 r      568
     H003190  C2015 01 26.34710 08 23 15.46 +17 58 05.58         23.1 r      568
     H003190  C2015 01 26.37433 08 23 13.98 +17 58 10.75         23.1 r      568
     H003190  C2015 01 26.39930 08 23 12.61 +17 58 15.40         23.3 r      568
     H003191  C2015 01 26.29351 08 23 30.50 +17 58 02.91         23.9 r      568
     H003191  C2015 01 26.32259 08 23 28.87 +17 58 09.99         24.2 r      568
     H003191  C2015 01 26.34710 08 23 27.51 +17 58 15.77         24.1 r      568
     H003191  C2015 01 26.37433 08 23 26.00 +17 58 22.43         23.6 r      568
     H003191  C2015 01 26.39930 08 23 24.56 +17 58 28.32         23.8 r      568
     H003194  C2015 01 26.29351 08 22 56.45 +18 07 36.06         23.6 r      568
     H003194  C2015 01 26.32259 08 22 54.92 +18 07 44.02         23.3 r      568
     H003194  C2015 01 26.34710 08 22 53.63 +18 07 50.56         23.5 r      568
     H003194  C2015 01 26.37433 08 22 52.19 +18 07 57.88         23.4 r      568
     H003194  C2015 01 26.39930 08 22 50.87 +18 08 04.58         23.3 r      568
     H003198  C2015 01 26.29351 08 23 18.20 +17 58 23.58         24.0 r      568
     H003198  C2015 01 26.32259 08 23 16.40 +17 58 31.08         24.1 r      568
     H003198  C2015 01 26.34710 08 23 14.86 +17 58 37.23         23.9 r      568
     H003198  C2015 01 26.37433 08 23 13.13 +17 58 44.53         24.3 r      568
     H003199  C2015 01 26.29351 08 22 58.56 +18 01 51.11         22.9 r      568
     H003199  C2015 01 26.32259 08 22 56.87 +18 01 58.62         22.8 r      568
     H003199  C2015 01 26.34710 08 22 55.43 +18 02 04.94         22.7 r      568
     H003199  C2015 01 26.39930 08 22 52.35 +18 02 18.32         23.0 r      568
     H003201  C2015 01 26.29351 08 22 38.98 +17 57 56.54         25.7 r      568
     H003201  C2015 01 26.34710 08 22 35.49 +17 58 03.17         24.4 r      568
     H003201  C2015 01 26.37433 08 22 33.73 +17 58 06.59         25.4 r      568
     H003201  C2015 01 26.39930 08 22 32.10 +17 58 09.67         24.7 r      568
     H003202  C2015 01 26.32259 08 23 50.16 +17 46 54.11         24.6 r      568
     H003202  C2015 01 26.34710 08 23 48.50 +17 47 01.72         24.1 r      568
     H003202  C2015 01 26.37433 08 23 46.74 +17 47 09.82         23.8 r      568
     H003202  C2015 01 26.39930 08 23 45.06 +17 47 17.18         24.6 r      568
     H003203  C2015 01 26.32259 08 22 34.83 +17 52 31.13         23.0 r      568
     H003203  C2015 01 26.34710 08 22 33.15 +17 52 41.27         23.2 r      568
     H003203  C2015 01 26.37433 08 22 31.27 +17 52 52.49         23.6 r      568
     H003203  C2015 01 26.39930 08 22 29.54 +17 53 02.74         23.9 r      568
     H003206  C2015 01 26.34710 08 23 02.21 +18 00 30.68         21.8 r      568
     H003206  C2015 01 26.37433 08 23 00.68 +18 00 31.61         21.7 r      568
     H003206  C2015 01 26.39930 08 22 59.27 +18 00 32.44         21.6 r      568
     H003207  C2015 01 26.32259 08 23 03.51 +18 01 00.98         23.7 r      568
     H003207  C2015 01 26.34710 08 23 01.94 +18 01 08.07         24.3 r      568
     H003207  C2015 01 26.37433 08 23 00.27 +18 01 16.02         23.9 r      568
     H003207  C2015 01 26.39930 08 22 58.67 +18 01 23.35         24.5 r      568
     H003208  C2015 01 26.34710 08 23 40.60 +18 01 39.13         25.0 r      568
     H003208  C2015 01 26.37433 08 23 38.80 +18 01 45.14         25.6 r      568
     H003208  C2015 01 26.39930 08 23 37.15 +18 01 50.56         25.6 r      568
     H003211  C2015 01 26.32259 08 23 20.07 +18 13 09.24         23.7 r      568
     H003211  C2015 01 26.37433 08 23 17.24 +18 13 20.12         23.7 r      568
     H003211  C2015 01 26.39930 08 23 15.86 +18 13 25.40         24.1 r      568
     H003212  C2015 01 26.32259 08 23 49.02 +18 15 16.29         24.0 r      568
     H003212  C2015 01 26.34710 08 23 47.19 +18 15 17.06         24.3 r      568
     H003212  C2015 01 26.37433 08 23 45.15 +18 15 17.75         24.4 r      568
     H003212  C2015 01 26.39930 08 23 43.26 +18 15 18.20         24.4 r      568
     H003214  C2015 01 26.29351 08 23 48.34 +18 15 36.48         24.1 r      568
     H003214  C2015 01 26.34710 08 23 44.79 +18 15 47.56         24.3 r      568
     H003214  C2015 01 26.37433 08 23 42.96 +18 15 53.20         24.9 r      568
     H003214  C2015 01 26.39930 08 23 41.29 +18 15 58.27         24.2 r      568
     H003215  C2015 01 26.29351 08 23 30.39 +18 15 45.32         23.9 r      568
     H003215  C2015 01 26.34710 08 23 30.04 +18 15 46.27         24.1 r      568
     H003215  C2015 01 26.37433 08 23 29.86 +18 15 46.72         24.3 r      568
     H003215  C2015 01 26.39930 08 23 29.70 +18 15 47.11         24.2 r      568
     H003217  C2015 01 26.29696 08 38 39.24 +17 11 09.76         24.1 r      568
     H003217  C2015 01 26.32533 08 38 37.65 +17 11 11.32         24.5 r      568
     H003217  C2015 01 26.34985 08 38 36.28 +17 11 12.76         25.1 r      568
     H003217  C2015 01 26.37706 08 38 34.76 +17 11 14.24         24.0 r      568
     H003217  C2015 01 26.40204 08 38 33.35 +17 11 15.59         24.5 r      568
     H003218  C2015 01 26.29696 08 38 40.52 +17 10 43.98         22.7 r      568
     H003218  C2015 01 26.32533 08 38 38.73 +17 10 52.24         22.9 r      568
     H003218  C2015 01 26.37706 08 38 35.44 +17 11 07.12         22.8 r      568
     H003218  C2015 01 26.40204 08 38 33.84 +17 11 14.26         23.1 r      568
     H003273  C2015 01 26.29696 08 39 23.36 +17 19 29.12         23.4 r      568
     H003273  C2015 01 26.32533 08 39 21.66 +17 19 34.95         23.4 r      568
     H003273  C2015 01 26.34985 08 39 20.20 +17 19 39.92         23.3 r      568
     H003273  C2015 01 26.37706 08 39 18.58 +17 19 45.38         23.5 r      568
     H003273  C2015 01 26.40204 08 39 17.09 +17 19 50.29         23.4 r      568
     H003275  C2015 01 26.29696 08 38 40.85 +17 21 41.12         23.7 r      568
     H003275  C2015 01 26.32533 08 38 38.78 +17 21 47.74         24.2 r      568
     H003275  C2015 01 26.34985 08 38 36.99 +17 21 53.34         23.3 r      568
     H003275  C2015 01 26.37706 08 38 35.01 +17 21 59.51         23.9 r      568
     H003275  C2015 01 26.40204 08 38 33.17 +17 22 05.16         24.1 r      568
     H003276  C2015 01 26.29696 08 39 03.80 +17 23 04.06         23.5 r      568
     H003276  C2015 01 26.34985 08 39 00.32 +17 23 13.81         22.8 r      568
     H003276  C2015 01 26.37706 08 38 58.53 +17 23 18.99         23.1 r      568
     H003276  C2015 01 26.40204 08 38 56.85 +17 23 23.61         23.0 r      568
     H003281  C2015 01 26.29696 08 38 37.31 +17 29 02.75         21.6 r      568
     H003281  C2015 01 26.32533 08 38 35.79 +17 29 08.81         21.6 r      568
     H003281  C2015 01 26.34985 08 38 34.47 +17 29 13.99         21.5 r      568
     H003281  C2015 01 26.37706 08 38 33.00 +17 29 19.78         21.5 r      568
     H003283  C2015 01 26.29696 08 39 28.90 +17 32 08.14         22.9 r      568
     H003283  C2015 01 26.32533 08 39 27.10 +17 32 15.56         22.4 r      568
     H003283  C2015 01 26.34985 08 39 25.55 +17 32 22.01         22.3 r      568
     H003283  C2015 01 26.37706 08 39 23.82 +17 32 29.09         22.6 r      568
     H003283  C2015 01 26.40204 08 39 22.22 +17 32 35.55         23.2 r      568
     H003286  C2015 01 26.29696 08 39 54.00 +17 35 06.04         24.5 r      568
     H003286  C2015 01 26.32533 08 39 52.58 +17 35 11.78         24.4 r      568
     H003286  C2015 01 26.34985 08 39 51.37 +17 35 16.69         24.2 r      568
     H003286  C2015 01 26.37706 08 39 50.00 +17 35 22.01         24.1 r      568
     H003286  C2015 01 26.40204 08 39 48.75 +17 35 26.94         24.5 r      568
     H003289  C2015 01 26.29696 08 39 10.70 +17 36 49.61         23.4 r      568
     H003289  C2015 01 26.32533 08 39 08.69 +17 36 54.08         23.3 r      568
     H003289  C2015 01 26.34985 08 39 06.90 +17 36 57.89         23.7 r      568
     H003289  C2015 01 26.37706 08 39 04.94 +17 37 02.15         23.5 r      568
     H003289  C2015 01 26.40204 08 39 03.14 +17 37 05.98         23.0 r      568
     H003290  C2015 01 26.32533 08 38 38.24 +17 37 18.58         24.2 r      568
     H003290  C2015 01 26.34985 08 38 36.63 +17 37 24.46         23.8 r      568
     H003290  C2015 01 26.37706 08 38 34.81 +17 37 31.00         24.4 r      568
     H003290  C2015 01 26.40204 08 38 33.13 +17 37 37.04         24.1 r      568
     H003292  C2015 01 26.29696 08 39 33.21 +17 39 22.92         24.2 r      568
     H003292  C2015 01 26.32533 08 39 31.82 +17 39 29.16         24.0 r      568
     H003292  C2015 01 26.34985 08 39 30.56 +17 39 34.73         23.8 r      568
     H003292  C2015 01 26.37706 08 39 29.17 +17 39 40.72         23.8 r      568
     H003292  C2015 01 26.40204 08 39 27.88 +17 39 46.22         24.0 r      568
     H003294  C2015 01 26.29696 08 39 26.43 +17 42 20.77         23.4 r      568
     H003294  C2015 01 26.32533 08 39 24.91 +17 42 25.82         23.5 r      568
     H003294  C2015 01 26.34985 08 39 23.57 +17 42 30.26         23.8 r      568
     H003294  C2015 01 26.37706 08 39 22.12 +17 42 34.66         23.9 r      568
     H003294  C2015 01 26.40204 08 39 20.79 +17 42 39.26         23.1 r      568
     H003295  C2015 01 26.29696 08 39 32.38 +17 40 41.86         23.9 r      568
     H003295  C2015 01 26.32533 08 39 30.91 +17 40 52.24         23.4 r      568
     H003295  C2015 01 26.34985 08 39 29.60 +17 41 01.69         24.0 r      568
     H003295  C2015 01 26.37706 08 39 28.17 +17 41 11.59         24.2 r      568
     H003295  C2015 01 26.40204 08 39 26.83 +17 41 20.86         24.4 r      568
     H003298  C2015 01 26.29696 08 39 30.58 +17 32 50.26         24.1 r      568
     H003298  C2015 01 26.32533 08 39 29.05 +17 32 57.32         24.0 r      568
     H003298  C2015 01 26.34985 08 39 27.70 +17 33 03.43         23.5 r      568
     H003298  C2015 01 26.37706 08 39 26.25 +17 33 09.98         23.8 r      568
     H003299  C2015 01 26.29696 08 38 40.13 +17 41 04.08         23.2 r      568
     H003299  C2015 01 26.32533 08 38 38.24 +17 41 05.03         23.3 r      568
     H003299  C2015 01 26.34985 08 38 36.65 +17 41 05.54         23.0 r      568
     H003299  C2015 01 26.37706 08 38 34.83 +17 41 06.27         23.3 r      568
     H003300  C2015 01 26.29696 08 39 13.89 +17 36 44.15         22.5 r      568
     H003300  C2015 01 26.32533 08 39 12.27 +17 36 47.13         22.5 r      568
     H003300  C2015 01 26.34985 08 39 10.86 +17 36 49.75         22.5 r      568
     H003300  C2015 01 26.40204 08 39 07.86 +17 36 55.12         22.5 r      568
     H003301  C2015 01 26.32533 08 38 59.53 +17 40 03.45         23.9 r      568
     H003301  C2015 01 26.37706 08 38 56.32 +17 40 05.95         24.4 r      568
     H003301  C2015 01 26.40204 08 38 54.78 +17 40 07.22         24.5 r      568
     H003302  C2015 01 26.34985 08 39 25.40 +17 20 46.93         23.8 r      568
     H003302  C2015 01 26.37706 08 39 23.68 +17 20 46.43         23.5 r      568
     H003302  C2015 01 26.40204 08 39 22.13 +17 20 45.85         23.2 r      568
     H003303  C2015 01 26.29696 08 38 58.22 +17 33 12.85         24.9 r      568
     H003303  C2015 01 26.37706 08 38 53.89 +17 33 32.75         24.9 r      568
     H003303  C2015 01 26.40204 08 38 52.51 +17 33 39.38         25.0 r      568
     H003306  C2015 01 26.32533 08 39 53.91 +17 31 19.44         23.6 r      568
     H003306  C2015 01 26.34985 08 39 52.56 +17 31 24.21         24.0 r      568
     H003306  C2015 01 26.40204 08 39 49.69 +17 31 34.24         23.9 r      568
     H003309  C2015 01 26.32533 08 38 43.50 +17 37 15.71         24.1 r      568
     H003309  C2015 01 26.34985 08 38 42.14 +17 37 27.54         24.4 r      568
     H003309  C2015 01 26.37706 08 38 40.61 +17 37 41.03         24.5 r      568
     H003309  C2015 01 26.40204 08 38 39.15 +17 37 53.31         24.3 r      568
     H003311  C2015 01 26.29696 08 39 04.66 +17 44 23.91         24.3 r      568
     H003311  C2015 01 26.32533 08 39 02.96 +17 44 37.15         24.0 r      568
     H003311  C2015 01 26.34985 08 39 01.51 +17 44 48.36         24.2 r      568
     H003311  C2015 01 26.37706 08 38 59.86 +17 45 00.79         24.5 r      568
     H003311  C2015 01 26.40204 08 38 58.35 +17 45 12.39         24.6 r      568
     H003312  C2015 01 26.29696 08 39 40.89 +17 44 34.91         21.2 r      568
     H003312  C2015 01 26.32533 08 39 39.22 +17 44 41.05         21.2 r      568
     H003312  C2015 01 26.34985 08 39 37.77 +17 44 46.30         21.2 r      568
     H003312  C2015 01 26.37706 08 39 36.15 +17 44 52.10         21.2 r      568
     H003312  C2015 01 26.40204 08 39 34.66 +17 44 57.36         21.2 r      568
     H003313  C2015 01 26.29696 08 39 44.29 +17 46 34.68         21.7 r      568
     H003313  C2015 01 26.32533 08 39 42.71 +17 46 42.35         21.3 r      568
     H003313  C2015 01 26.34985 08 39 41.34 +17 46 49.07         21.3 r      568
     H003313  C2015 01 26.40204 08 39 38.41 +17 47 03.25         21.5 r      568
     H003315  C2015 01 26.29696 08 39 48.20 +17 46 48.54         24.0 r      568
     H003315  C2015 01 26.32533 08 39 46.67 +17 46 49.21         23.8 r      568
     H003315  C2015 01 26.34985 08 39 45.33 +17 46 49.82         24.0 r      568
     H003315  C2015 01 26.37706 08 39 43.86 +17 46 50.43         24.1 r      568
     H003315  C2015 01 26.40204 08 39 42.51 +17 46 50.89         23.5 r      568
     H003320  C2015 01 26.29696 08 39 45.06 +17 53 19.98         21.9 r      568
     H003320  C2015 01 26.32533 08 39 43.19 +17 53 21.64         21.6 r      568
     H003320  C2015 01 26.34985 08 39 41.56 +17 53 22.78         21.8 r      568
     H003320  C2015 01 26.37706 08 39 39.73 +17 53 24.44         21.6 r      568
     H003320  C2015 01 26.40204 08 39 38.05 +17 53 25.71         21.6 r      568
     H003322  C2015 01 26.32533 08 38 40.52 +17 56 32.14         23.2 r      568
     H003322  C2015 01 26.34985 08 38 39.12 +17 56 39.74         23.2 r      568
     H003322  C2015 01 26.37706 08 38 37.59 +17 56 48.43         23.2 r      568
     H003322  C2015 01 26.40204 08 38 36.16 +17 56 56.21         23.0 r      568
     H003323  C2015 01 26.29696 08 39 33.05 +17 56 31.45         23.3 r      568
     H003323  C2015 01 26.32533 08 39 31.53 +17 56 33.94         23.2 r      568
     H003323  C2015 01 26.34985 08 39 30.23 +17 56 35.94         23.7 r      568
     H003323  C2015 01 26.40204 08 39 27.38 +17 56 40.81         23.3 r      568
     H003324  C2015 01 26.29696 08 39 46.39 +17 57 08.32         22.9 r      568
     H003324  C2015 01 26.32533 08 39 44.42 +17 57 16.81         22.6 r      568
     H003324  C2015 01 26.34985 08 39 42.73 +17 57 24.01         22.9 r      568
     H003324  C2015 01 26.37706 08 39 40.84 +17 57 31.99         23.0 r      568
     H003324  C2015 01 26.40204 08 39 39.12 +17 57 39.02         22.7 r      568
     H003325  C2015 01 26.29696 08 39 36.54 +17 58 19.75         24.4 r      568
     H003325  C2015 01 26.34985 08 39 33.19 +17 58 31.91         24.5 r      568
     H003325  C2015 01 26.37706 08 39 31.42 +17 58 38.03         24.4 r      568
     H003325  C2015 01 26.40204 08 39 29.87 +17 58 44.32         24.6 r      568
     H003326  C2015 01 26.29696 08 39 33.96 +17 58 40.33         23.4 r      568
     H003326  C2015 01 26.32533 08 39 32.29 +17 58 49.07         23.4 r      568
     H003326  C2015 01 26.34985 08 39 30.84 +17 58 56.52         23.3 r      568
     H003326  C2015 01 26.37706 08 39 29.23 +17 59 04.72         23.1 r      568
     H003326  C2015 01 26.40204 08 39 27.75 +17 59 12.26         23.3 r      568
     H003330  C2015 01 26.29696 08 39 24.31 +18 10 49.89         23.1 r      568
     H003330  C2015 01 26.32533 08 39 22.89 +18 10 55.86         22.9 r      568
     H003330  C2015 01 26.34985 08 39 21.65 +18 11 01.06         23.2 r      568
     H003330  C2015 01 26.37706 08 39 20.30 +18 11 06.69         23.1 r      568
     H003330  C2015 01 26.40204 08 39 19.03 +18 11 11.97         23.4 r      568
     H003331  C2015 01 26.29696 08 38 56.02 +18 09 00.45         23.7 r      568
     H003331  C2015 01 26.32533 08 38 54.34 +18 09 04.85         23.5 r      568
     H003331  C2015 01 26.37706 08 38 51.29 +18 09 12.63         24.0 r      568
     H003331  C2015 01 26.40204 08 38 49.81 +18 09 16.50         23.8 r      568
     H003333  C2015 01 26.29696 08 38 56.74 +18 06 54.37         23.3 r      568
     H003333  C2015 01 26.32533 08 38 55.15 +18 06 56.22         23.4 r      568
     H003333  C2015 01 26.34985 08 38 53.78 +18 06 57.93         23.2 r      568
     H003333  C2015 01 26.37706 08 38 52.26 +18 06 59.62         23.1 r      568
     H003333  C2015 01 26.40204 08 38 50.85 +18 07 01.28         23.1 r      568
     H003338  C2015 01 26.29696 08 38 53.88 +17 52 43.54         23.8 r      568
     H003338  C2015 01 26.32533 08 38 52.21 +17 52 43.35         24.2 r      568
     H003338  C2015 01 26.34985 08 38 50.78 +17 52 43.19         23.5 r      568
     H003338  C2015 01 26.40204 08 38 47.72 +17 52 42.68         23.1 r      568
     H003341  C2015 01 26.29696 08 39 26.75 +17 56 56.55         21.7 r      568
     H003341  C2015 01 26.32533 08 39 25.13 +17 57 00.90         21.8 r      568
     H003341  C2015 01 26.37706 08 39 22.15 +17 57 08.89         21.7 r      568
     H003341  C2015 01 26.40204 08 39 20.70 +17 57 12.70         21.8 r      568
     H003343  C2015 01 26.29696 08 38 59.19 +18 02 56.16         24.1 r      568
     H003343  C2015 01 26.32533 08 38 57.57 +18 02 57.64         24.4 r      568
     H003343  C2015 01 26.37706 08 38 54.60 +18 03 00.09         24.8 r      568
     H003343  C2015 01 26.40204 08 38 53.16 +18 03 01.23         24.6 r      568
     H003344  C2015 01 26.29696 08 39 08.86 +18 06 25.13         24.2 r      568
     H003344  C2015 01 26.32533 08 39 07.02 +18 06 35.14         24.6 r      568
     H003344  C2015 01 26.37706 08 39 03.69 +18 06 53.28         23.9 r      568
     H003344  C2015 01 26.40204 08 39 02.08 +18 07 01.86         24.7 r      568
     H003345  C2015 01 26.29696 08 39 49.60 +18 00 36.23         23.5 r      568
     H003345  C2015 01 26.34985 08 39 46.82 +18 00 58.77         24.0 r      568
     H003345  C2015 01 26.37706 08 39 45.39 +18 01 10.35         23.4 r      568
     H003345  C2015 01 26.40204 08 39 44.07 +18 01 20.81         23.8 r      568
     H003346  C2015 01 26.29696 08 39 35.74 +18 03 48.23         24.2 r      568
     H003346  C2015 01 26.34985 08 39 32.76 +18 03 58.09         24.9 r      568
     H003346  C2015 01 26.37706 08 39 31.22 +18 04 03.07         24.0 r      568
     H003346  C2015 01 26.40204 08 39 29.81 +18 04 07.69         24.2 r      568
     H003347  C2015 01 26.29696 08 39 28.77 +18 05 44.23         22.1 r      568
     H003347  C2015 01 26.34985 08 39 25.20 +18 05 53.06         22.5 r      568
     H003347  C2015 01 26.37706 08 39 23.36 +18 05 57.46         22.1 r      568
     H003347  C2015 01 26.40204 08 39 21.66 +18 06 01.54         21.9 r      568
     H003348  C2015 01 26.32533 08 38 58.48 +17 45 18.24         24.3 r      568
     H003348  C2015 01 26.34985 08 38 56.87 +17 45 29.28         24.5 r      568
     H003348  C2015 01 26.37706 08 38 55.11 +17 45 41.28         24.2 r      568
     H003351  C2015 01 26.34985 08 38 42.04 +17 59 16.24         24.1 r      568
     H003351  C2015 01 26.37706 08 38 40.57 +17 59 22.48         23.6 r      568
     H003351  C2015 01 26.40204 08 38 39.24 +17 59 28.27         23.2 r      568
     H003352  C2015 01 26.32533 08 39 00.17 +18 00 48.15         24.0 r      568
     H003352  C2015 01 26.34985 08 38 58.85 +18 00 53.46         24.3 r      568
     H003352  C2015 01 26.37706 08 38 57.40 +18 00 59.04         24.6 r      568
     H003352  C2015 01 26.40204 08 38 56.05 +18 01 04.38         24.4 r      568
     H003353  C2015 01 26.34985 08 39 05.25 +18 03 37.49         24.1 r      568
     H003353  C2015 01 26.37706 08 39 03.60 +18 03 40.56         24.6 r      568
     H003353  C2015 01 26.40204 08 39 02.10 +18 03 43.38         24.2 r      568
     H003354  C2015 01 26.32533 08 38 40.72 +18 04 28.47         22.0 r      568
     H003354  C2015 01 26.34985 08 38 39.07 +18 04 33.90         21.8 r      568
     H003354  C2015 01 26.37706 08 38 37.27 +18 04 40.19         21.5 r      568
     H003354  C2015 01 26.40204 08 38 35.61 +18 04 45.76         21.5 r      568
     H003355  C2015 01 26.32533 08 39 08.79 +18 11 29.46         24.2 r      568
     H003355  C2015 01 26.34985 08 39 07.36 +18 11 35.30         24.6 r      568
     H003355  C2015 01 26.37706 08 39 05.75 +18 11 41.53         24.0 r      568
     H003355  C2015 01 26.40204 08 39 04.28 +18 11 47.41         24.5 r      568
     H003359  C2015 01 26.29696 08 37 03.83 +17 02 39.15         23.7 r      568
     H003359  C2015 01 26.32533 08 37 01.97 +17 02 48.00         23.8 r      568
     H003359  C2015 01 26.34985 08 37 00.36 +17 02 55.44         23.8 r      568
     H003359  C2015 01 26.37706 08 36 58.57 +17 03 03.77         24.0 r      568
     H003359  C2015 01 26.40204 08 36 56.91 +17 03 11.46         24.1 r      568
     H003360  C2015 01 26.29696 08 37 01.57 +17 03 53.59         23.9 r      568
     H003360  C2015 01 26.32533 08 36 59.91 +17 03 57.79         23.8 r      568
     H003360  C2015 01 26.34985 08 36 58.48 +17 04 01.38         23.9 r      568
     H003360  C2015 01 26.37706 08 36 56.86 +17 04 05.33         24.0 r      568
     H003360  C2015 01 26.40204 08 36 55.37 +17 04 09.02         24.3 r      568
     H003362  C2015 01 26.29696 08 36 41.53 +17 05 36.55         23.9 r      568
     H003362  C2015 01 26.32533 08 36 39.97 +17 05 42.76         24.0 r      568
     H003362  C2015 01 26.34985 08 36 38.61 +17 05 48.11         24.2 r      568
     H003362  C2015 01 26.37706 08 36 37.11 +17 05 54.06         24.6 r      568
     H003362  C2015 01 26.40204 08 36 35.72 +17 05 59.47         23.8 r      568
     H003368  C2015 01 26.29696 08 37 00.80 +17 13 18.61         23.0 r      568
     H003368  C2015 01 26.32533 08 36 58.88 +17 13 26.89         22.9 r      568
     H003368  C2015 01 26.34985 08 36 57.20 +17 13 33.78         23.2 r      568
     H003368  C2015 01 26.37706 08 36 55.30 +17 13 41.87         22.7 r      568
     H003369  C2015 01 26.29696 08 37 31.96 +17 15 19.66         23.2 r      568
     H003369  C2015 01 26.32533 08 37 30.40 +17 15 26.71         23.5 r      568
     H003369  C2015 01 26.34985 08 37 29.05 +17 15 33.07         23.6 r      568
     H003369  C2015 01 26.37706 08 37 27.56 +17 15 40.09         23.6 r      568
     H003369  C2015 01 26.40204 08 37 26.17 +17 15 46.53         23.3 r      568
     H003370  C2015 01 26.29696 08 36 59.09 +17 14 07.96         23.6 r      568
     H003370  C2015 01 26.32533 08 36 57.48 +17 14 08.18         24.1 r      568
     H003370  C2015 01 26.34985 08 36 56.04 +17 14 08.39         23.5 r      568
     H003370  C2015 01 26.37706 08 36 54.48 +17 14 07.78         23.2 r      568
     H003371  C2015 01 26.29696 08 36 59.45 +17 07 48.83         23.3 r      568
     H003371  C2015 01 26.32533 08 36 57.63 +17 07 49.37         23.7 r      568
     H003371  C2015 01 26.34985 08 36 56.04 +17 07 49.83         23.6 r      568
     H003371  C2015 01 26.40204 08 36 52.66 +17 07 50.74         23.5 r      568
     H003374  C2015 01 26.29696 08 36 56.59 +17 10 40.52         24.1 r      568
     H003374  C2015 01 26.34985 08 36 53.67 +17 10 52.21         23.9 r      568
     H003374  C2015 01 26.37706 08 36 52.18 +17 10 58.09         23.4 r      568
     H003374  C2015 01 26.40204 08 36 50.79 +17 11 03.59         23.5 r      568
     H003376  C2015 01 26.29696 08 38 01.22 +17 17 28.53         22.8 r      568
     H003376  C2015 01 26.32533 08 37 59.55 +17 17 29.11         22.7 r      568
     H003376  C2015 01 26.34985 08 37 58.09 +17 17 29.39         22.0 r      568
     H003376  C2015 01 26.37706 08 37 56.48 +17 17 30.36         23.3 r      568
     H003377  C2015 01 26.29696 08 37 29.59 +17 18 33.33         21.4 r      568
     H003377  C2015 01 26.32533 08 37 28.22 +17 18 43.80         21.4 r      568
     H003377  C2015 01 26.34985 08 37 27.00 +17 18 52.67         21.5 r      568
     H003377  C2015 01 26.37706 08 37 25.66 +17 19 02.59         21.5 r      568
     H003377  C2015 01 26.40204 08 37 24.43 +17 19 11.70         21.6 r      568
     H003378  C2015 01 26.29696 08 37 59.98 +17 19 48.27         23.6 r      568
     H003378  C2015 01 26.32533 08 37 58.47 +17 20 03.64         23.7 r      568
     H003378  C2015 01 26.37706 08 37 55.69 +17 20 31.83         23.6 r      568
     H003378  C2015 01 26.40204 08 37 54.35 +17 20 45.12         24.1 r      568
     H003379  C2015 01 26.29696 08 38 15.48 +17 21 00.37         24.7 r      568
     H003379  C2015 01 26.32533 08 38 14.02 +17 21 06.21         25.0 r      568
     H003379  C2015 01 26.34985 08 38 12.77 +17 21 11.22         24.8 r      568
     H003379  C2015 01 26.40204 08 38 10.08 +17 21 21.86         24.3 r      568
     H003382  C2015 01 26.29696 08 36 55.57 +17 23 41.69         23.7 r      568
     H003382  C2015 01 26.34985 08 36 51.84 +17 23 45.70         24.3 r      568
     H003382  C2015 01 26.37706 08 36 49.93 +17 23 47.55         24.5 r      568
     H003387  C2015 01 26.29696 08 36 54.32 +17 26 54.86         24.4 r      568
     H003387  C2015 01 26.32533 08 36 52.82 +17 27 00.51         24.8 r      568
     H003387  C2015 01 26.37706 08 36 50.08 +17 27 10.68         25.0 r      568
     H003387  C2015 01 26.40204 08 36 48.75 +17 27 15.49         24.3 r      568
     H003389  C2015 01 26.29696 08 36 36.25 +17 29 19.11         23.7 r      568
     H003389  C2015 01 26.32533 08 36 36.10 +17 29 19.70         24.0 r      568
     H003389  C2015 01 26.34985 08 36 35.98 +17 29 20.12         23.1 r      568
     H003389  C2015 01 26.40204 08 36 35.71 +17 29 21.15         23.5 r      568
     H003390  C2015 01 26.29696 08 38 15.80 +17 30 46.08         22.6 r      568
     H003390  C2015 01 26.32533 08 38 13.90 +17 30 54.60         22.2 r      568
     H003390  C2015 01 26.34985 08 38 12.26 +17 31 01.91         22.3 r      568
     H003390  C2015 01 26.37706 08 38 10.43 +17 31 09.96         23.0 r      568
     H003390  C2015 01 26.40204 08 38 08.74 +17 31 17.34         23.0 r      568
     H003397  C2015 01 26.29696 08 37 48.62 +17 35 04.47         23.9 r      568
     H003397  C2015 01 26.32533 08 37 47.17 +17 35 11.46         24.0 r      568
     H003397  C2015 01 26.34985 08 37 45.93 +17 35 17.36         24.2 r      568
     H003397  C2015 01 26.37706 08 37 44.53 +17 35 24.06         24.7 r      568
     H003397  C2015 01 26.40204 08 37 43.24 +17 35 30.12         24.5 r      568
     H003398  C2015 01 26.32533 08 38 10.93 +17 42 55.54         24.0 r      568
     H003398  C2015 01 26.34985 08 38 09.64 +17 43 06.25         24.2 r      568
     H003398  C2015 01 26.37706 08 38 08.23 +17 43 17.47         23.6 r      568
     H003398  C2015 01 26.40204 08 38 06.93 +17 43 28.04         23.7 r      568
     H003401  C2015 01 26.29696 08 37 30.97 +17 43 20.14         23.8 r      568
     H003401  C2015 01 26.32533 08 37 28.99 +17 43 29.31         23.6 r      568
     H003401  C2015 01 26.34985 08 37 27.25 +17 43 38.07         23.6 r      568
     H003401  C2015 01 26.37706 08 37 25.33 +17 43 47.24         23.5 r      568
     H003402  C2015 01 26.29696 08 37 58.75 +17 42 46.21         25.0 r      568
     H003402  C2015 01 26.37706 08 37 54.51 +17 43 06.30         25.4 r      568
     H003402  C2015 01 26.40204 08 37 53.19 +17 43 12.53         24.3 r      568
     H003403  C2015 01 26.29696 08 37 13.76 +17 17 06.70         21.9 r      568
     H003403  C2015 01 26.32533 08 37 12.12 +17 17 23.09         21.6 r      568
     H003403  C2015 01 26.34985 08 37 10.70 +17 17 37.23         21.6 r      568
     H003403  C2015 01 26.37706 08 37 09.11 +17 17 52.87         22.0 r      568
     H003404  C2015 01 26.29696 08 37 47.28 +17 23 43.62         23.7 r      568
     H003404  C2015 01 26.32533 08 37 45.79 +17 23 50.47         23.8 r      568
     H003404  C2015 01 26.34985 08 37 44.46 +17 23 56.59         24.3 r      568
     H003406  C2015 01 26.29696 08 37 18.59 +17 25 44.39         24.0 r      568
     H003406  C2015 01 26.32533 08 37 17.00 +17 25 49.89         24.6 r      568
     H003406  C2015 01 26.34985 08 37 15.66 +17 25 54.54         24.3 r      568
     H003407  C2015 01 26.29696 08 38 00.21 +17 27 53.05         25.0 r      568
     H003407  C2015 01 26.34985 08 37 56.99 +17 28 02.76         24.8 r      568
     H003407  C2015 01 26.37706 08 37 55.33 +17 28 07.59         24.3 r      568
     H003408  C2015 01 26.29696 08 36 54.93 +17 29 34.75         23.8 r      568
     H003408  C2015 01 26.32533 08 36 53.01 +17 29 39.57         23.3 r      568
     H003408  C2015 01 26.34985 08 36 51.41 +17 29 43.61         24.0 r      568
     H003408  C2015 01 26.37706 08 36 49.58 +17 29 48.08         24.2 r      568
     H003409  C2015 01 26.29696 08 37 19.47 +17 30 31.05         25.2 r      568
     H003409  C2015 01 26.32533 08 37 18.09 +17 30 40.35         24.4 r      568
     H003409  C2015 01 26.34985 08 37 16.90 +17 30 48.29         24.8 r      568
     H003415  C2015 01 26.29696 08 37 27.25 +17 15 59.94         23.9 r      568
     H003415  C2015 01 26.37706 08 37 21.95 +17 16 17.72         23.7 r      568
     H003415  C2015 01 26.40204 08 37 20.29 +17 16 23.21         23.1 r      568
     H003416  C2015 01 26.29696 08 38 11.07 +17 16 41.68         24.3 r      568
     H003416  C2015 01 26.32533 08 38 09.11 +17 16 35.60         23.9 r      568
     H003416  C2015 01 26.37706 08 38 05.59 +17 16 24.72         24.0 r      568
     H003418  C2015 01 26.29696 08 36 45.61 +17 37 37.16         22.7 r      568
     H003418  C2015 01 26.32533 08 36 44.05 +17 37 56.02         22.9 r      568
     H003418  C2015 01 26.37706 08 36 41.18 +17 38 30.17         22.9 r      568
     H003418  C2015 01 26.40204 08 36 39.78 +17 38 46.67         22.9 r      568
     H003420  C2015 01 26.29696 08 36 54.56 +17 29 07.07         24.2 r      568
     H003420  C2015 01 26.34985 08 36 51.88 +17 29 17.11         24.2 r      568
     H003420  C2015 01 26.40204 08 36 49.22 +17 29 26.91         23.8 r      568
     H003425  C2015 01 26.32533 08 38 32.22 +17 25 05.54         22.7 r      568
     H003425  C2015 01 26.34985 08 38 31.20 +17 25 09.01         22.6 r      568
     H003425  C2015 01 26.37706 08 38 30.02 +17 25 12.93         22.4 r      568
     H003425  C2015 01 26.40204 08 38 28.94 +17 25 16.48         22.3 r      568
     H003427  C2015 01 26.29696 08 38 23.42 +17 44 21.01         24.0 r      568
     H003427  C2015 01 26.32533 08 38 21.51 +17 44 27.44         23.9 r      568
     H003427  C2015 01 26.34985 08 38 19.87 +17 44 32.82         23.9 r      568
     H003427  C2015 01 26.37706 08 38 18.04 +17 44 38.72         24.0 r      568
     H003427  C2015 01 26.40204 08 38 16.33 +17 44 44.21         24.2 r      568
     H003428  C2015 01 26.32533 08 37 45.05 +17 44 30.09         23.8 r      568
     H003428  C2015 01 26.34985 08 37 43.46 +17 44 30.64         24.4 r      568
     H003428  C2015 01 26.37706 08 37 41.71 +17 44 31.23         24.1 r      568
     H003428  C2015 01 26.40204 08 37 40.09 +17 44 31.79         24.7 r      568
     H003429  C2015 01 26.29696 08 38 20.74 +17 45 00.72         23.7 r      568
     H003429  C2015 01 26.32533 08 38 19.32 +17 45 06.77         24.1 r      568
     H003429  C2015 01 26.34985 08 38 18.09 +17 45 11.97         24.4 r      568
     H003429  C2015 01 26.37706 08 38 16.72 +17 45 17.71         24.5 r      568
     H003429  C2015 01 26.40204 08 38 15.46 +17 45 22.84         23.5 r      568
     H003430  C2015 01 26.29696 08 38 05.91 +17 48 32.36         23.1 r      568
     H003430  C2015 01 26.32533 08 38 04.24 +17 48 34.29         24.3 r      568
     H003430  C2015 01 26.34985 08 38 02.78 +17 48 35.85         23.7 r      568
     H003430  C2015 01 26.37706 08 38 01.16 +17 48 37.54         24.3 r      568
     H003430  C2015 01 26.40204 08 37 59.67 +17 48 39.04         23.8 r      568
     H003434  C2015 01 26.29696 08 37 47.29 +17 52 53.78         23.5 r      568
     H003434  C2015 01 26.34985 08 37 44.51 +17 53 06.09         24.3 r      568
     H003434  C2015 01 26.37706 08 37 43.06 +17 53 12.10         23.5 r      568
     H003434  C2015 01 26.40204 08 37 41.77 +17 53 17.81         24.2 r      568
     H003435  C2015 01 26.29696 08 36 53.29 +17 54 22.82         23.3 r      568
     H003435  C2015 01 26.32533 08 36 51.64 +17 54 27.93         23.9 r      568
     H003435  C2015 01 26.34985 08 36 50.23 +17 54 32.39         23.6 r      568
     H003435  C2015 01 26.37706 08 36 48.64 +17 54 36.97         23.4 r      568
     H003436  C2015 01 26.29696 08 37 51.23 +17 54 48.59         22.1 r      568
     H003436  C2015 01 26.32533 08 37 49.27 +17 54 53.37         22.4 r      568
     H003436  C2015 01 26.34985 08 37 47.58 +17 54 57.35         21.8 r      568
     H003436  C2015 01 26.37706 08 37 45.70 +17 55 01.78         21.7 r      568
     H003436  C2015 01 26.40204 08 37 43.96 +17 55 05.77         21.7 r      568
     H003440  C2015 01 26.32533 08 38 12.42 +17 57 41.18         24.6 r      568
     H003440  C2015 01 26.34985 08 38 11.11 +17 57 42.80         23.6 r      568
     H003440  C2015 01 26.37706 08 38 09.63 +17 57 44.59         24.0 r      568
     H003440  C2015 01 26.40204 08 38 08.27 +17 57 46.21         24.2 r      568
