Processing 58 objects
 1: (4630): 5 obs; 2015 Jan. 26-27 (4.8 hr); a=2.569, e=0.011, i=5
 04630         C2015 01 26.46489 10 09 19.34 +20 31 07.18         17.8 g      568 |     -0.00     -0.00
 04630         C2015 01 26.61548 10 09 12.25 +20 31 59.60         17.9 g      568 |      0.08      0.00
 04630         C2015 01 26.63139 10 09 11.50 +20 32 05.03         17.9 g      568 |      0.00     -0.03
 04630         C2015 01 26.64728 10 09 10.76 +20 32 10.49         17.8 g      568 |      0.02     -0.01
 04630         C2015 01 26.66360 10 09 10.00 +20 32 16.07         17.7 g      568 |     -0.00     -0.00
 2: (6769): 3 obs; 2015 Jan. 26-27 (4.4 hr); a=2.354, e=0.104, i=4
 06769         C2015 01 26.47133 10 01 53.16 +19 23 07.70         14.1 g      568 |     -0.00     -0.00
 06769         C2015 01 26.63771 10 01 45.06 +19 24 06.85         14.7 g      568 |      0.07      0.06
 06769         C2015 01 26.65367 10 01 44.29 +19 24 12.35         14.4 g      568 |      0.00     -0.00
 3: (9862): 5 obs; 2015 Jan. 26-27 (4.8 hr); a=2.318, e=0.005, i=5
 09862         C2015 01 26.46489 10 08 33.08 +20 24 38.77         18.7 g      568 |     -0.00      0.00
 09862         C2015 01 26.61548 10 08 25.40 +20 25 34.11         18.6 g      568 |      0.04     -0.03
 09862         C2015 01 26.63139 10 08 24.59 +20 25 39.86         18.6 g      568 |     -0.02     -0.03
 09862         C2015 01 26.64728 10 08 23.82 +20 25 45.27         19.3 g      568 |      0.42     -0.36
 09862         C2015 01 26.66360 10 08 22.97 +20 25 51.50         18.6 g      568 |     -0.00      0.00
 4: (14952): 4 obs; 2015 Jan. 26-27 (4.4 hr); a=2.320, e=0.091, i=5
 14952         C2015 01 26.46489 10 07 37.55 +21 19 22.64         18.2 g      568 |     -0.00     -0.00
 14952         C2015 01 26.61548 10 07 29.99 +21 20 11.95         18.1 g      568 |      0.15     -0.04
 14952         C2015 01 26.63139 10 07 29.19 +21 20 17.04         18.1 g      568 |      0.03     -0.04
 14952         C2015 01 26.64728 10 07 28.40 +21 20 22.15         18.1 g      568 |      0.00     -0.00
 5: (17357): 5 obs; 2015 Jan. 26-27 (4.7 hr); a=2.357, e=0.105, i=6
 17357         C2015 01 26.46814 10 00 30.64 +19 14 53.99         18.6 g      568 |     -0.00      0.00
 17357         C2015 01 26.61868 10 00 23.74 +19 16 08.27         18.6 g      568 |     -0.07     -0.08
 17357         C2015 01 26.63456 10 00 23.04 +19 16 15.58         19.3 g      568 |      0.19     -0.52
 17357         C2015 01 26.65047 10 00 22.31 +19 16 23.54         19.0 g      568 |     -0.01     -0.30
 17357         C2015 01 26.66433 10 00 21.69 +19 16 30.57         19.1 g      568 |      0.00      0.00
 6: (19641): 5 obs; 2015 Jan. 26-27 (4.4 hr); a=2.688, e=0.034, i=7
 19641         C2015 01 26.47449 10 09 05.31 +19 57 48.60         18.8 g      568 |      0.00      0.00
 19641         C2015 01 26.62503 10 08 57.95 +19 58 19.56         18.6 g      568 |      0.14     -0.01
 19641         C2015 01 26.64087 10 08 57.18 +19 58 22.74         18.8 g      568 |      0.12     -0.02
 19641         C2015 01 26.65689 10 08 56.40 +19 58 25.98         19.0 g      568 |      0.06      0.02
 19641         C2015 01 26.65887 10 08 56.30 +19 58 26.36         19.0 g      568 |      0.00     -0.00
 7: (23804): 5 obs; 2015 Jan. 26-27 (4.7 hr); a=2.359, e=0.012, i=5
 23804         C2015 01 26.47133 10 03 00.86 +19 10 04.74         19.2 g      568 |     -0.00     -0.00
 23804         C2015 01 26.62183 10 02 52.69 +19 10 40.65         19.2 g      568 |      0.10     -0.05
 23804         C2015 01 26.63771 10 02 51.83 +19 10 44.39         19.2 g      568 |      0.03     -0.02
 23804         C2015 01 26.65367 10 02 50.97 +19 10 48.10         19.3 g      568 |     -0.02     -0.02
 23804         C2015 01 26.66510 10 02 50.36 +19 10 50.77         19.2 g      568 |     -0.00     -0.00
 8: (28576): 5 obs; 2015 Jan. 26-27 (4.8 hr); a=2.392, e=0.025, i=6
 28576         C2015 01 26.46489 10 10 05.29 +21 09 19.25         18.9 g      568 |     -0.00     -0.00
 28576         C2015 01 26.61548 10 09 57.96 +21 10 17.11         19.0 g      568 |      0.06     -0.04
 28576         C2015 01 26.63139 10 09 57.19 +21 10 23.13         18.9 g      568 |      0.04     -0.04
 28576         C2015 01 26.64728 10 09 56.42 +21 10 29.13         18.9 g      568 |     -0.04     -0.04
 28576         C2015 01 26.66360 10 09 55.64 +21 10 35.31         18.8 g      568 |     -0.00     -0.00
 9: (35218): 5 obs; 2015 Jan. 26-27 (4.7 hr); a=2.120, e=0.225, i=5
 35218         C2015 01 26.47133 10 06 57.12 +19 44 08.48         19.5 g      568 |      0.00     -0.00
 35218         C2015 01 26.62183 10 06 48.54 +19 45 09.04         19.4 g      568 |      0.17     -0.06
 35218         C2015 01 26.63771 10 06 47.64 +19 45 15.38         19.7 g      568 |      0.17     -0.04
 35218         C2015 01 26.65367 10 06 46.73 +19 45 21.75         19.7 g      568 |      0.07     -0.01
 35218         C2015 01 26.66510 10 06 46.08 +19 45 26.30         19.6 g      568 |     -0.00     -0.00
 10: (39899): 5 obs; 2015 Jan. 26-27 (4.8 hr); a=2.342, e=0.333, i=5
 39899         C2015 01 26.46489 10 06 55.23 +21 22 33.47         18.7 g      568 |      0.00     -0.00
 39899         C2015 01 26.61548 10 06 46.07 +21 23 13.70         19.3 g      568 |      0.79     -0.17
 39899         C2015 01 26.63139 10 06 45.07 +21 23 17.79         18.7 g      568 |      0.25     -0.17
 39899         C2015 01 26.64728 10 06 44.11 +21 23 21.96         18.6 g      568 |      0.19     -0.07
 39899         C2015 01 26.66360 10 06 43.12 +21 23 26.18         18.5 g      568 |      0.00     -0.00
 11: (40698): 5 obs; 2015 Jan. 26-27 (4.8 hr); a=2.212, e=0.054, i=5
 40698         C2015 01 26.46171 10 00 37.42 +21 03 05.88         19.4 g      568 |      0.00     -0.00
 40698         C2015 01 26.61229 10 00 28.67 +21 03 54.74         19.4 g      568 |     -0.04     -0.05
 40698         C2015 01 26.62820 10 00 27.75 +21 03 59.88         19.4 g      568 |     -0.08      0.02
 40698         C2015 01 26.64408 10 00 26.85 +21 04 04.79         19.5 g      568 |      0.10     -0.12
 40698         C2015 01 26.66089 10 00 25.88 +21 04 10.23         19.4 g      568 |      0.00     -0.00
 12: (41634): 5 obs; 2015 Jan. 26-27 (4.4 hr); a=2.377, e=0.112, i=5
 41634         C2015 01 26.47449 10 09 58.97 +18 46 35.83         19.7 g      568 |      0.00      0.00
 41634         C2015 01 26.62503 10 09 52.55 +18 47 43.61         19.3 g      568 |      0.12     -0.04
 41634         C2015 01 26.64087 10 09 51.88 +18 47 50.68         19.4 g      568 |      0.08     -0.01
 41634         C2015 01 26.65689 10 09 51.21 +18 47 57.81         19.4 g      568 |      0.10      0.02
 41634         C2015 01 26.65887 10 09 51.12 +18 47 58.67         19.4 g      568 |      0.00      0.00
 13: (41814): 5 obs; 2015 Jan. 26-27 (4.7 hr); a=2.235, e=0.313, i=5
 41814         C2015 01 26.47133 10 04 16.56 +19 00 07.83         18.1 g      568 |     -0.00     -0.00
 41814         C2015 01 26.62183 10 04 08.19 +19 01 32.62         18.3 g      568 |      0.04     -0.17
 41814         C2015 01 26.63771 10 04 07.33 +19 01 41.52         18.1 g      568 |      0.17     -0.08
 41814         C2015 01 26.65367 10 04 06.46 +19 01 50.42         18.1 g      568 |      0.16     -0.02
 41814         C2015 01 26.66510 10 04 05.83 +19 01 56.76         18.0 g      568 |     -0.00      0.00
 14: (44077): 4 obs; 2015 Jan. 27-27 (69.0 min); a=2.363, e=0.013, i=5
 44077         C2015 01 26.61548 10 05 56.54 +20 35 20.01         19.1 g      568 |     -0.00      0.00
 44077         C2015 01 26.63139 10 05 55.74 +20 35 25.72         19.0 g      568 |     -0.01     -0.03
 44077         C2015 01 26.64728 10 05 54.94 +20 35 31.45         19.0 g      568 |     -0.06     -0.01
 44077         C2015 01 26.66360 10 05 54.13 +20 35 37.32         19.0 g      568 |     -0.00      0.00
 15: (45354): 3 obs; 2015 Jan. 27-27 (46.0 min); a=2.232, e=0.044, i=6
 45354         C2015 01 26.61868 09 59 29.86 +19 58 02.29         16.8 g      568 |     -0.00     -0.00
 45354         C2015 01 26.63456 09 59 29.07 +19 58 08.87         17.9 g      568 |      0.71     -0.61
 45354         C2015 01 26.65047 09 59 28.18 +19 58 16.68         16.8 g      568 |     -0.00      0.00
 16: (46395): 5 obs; 2015 Jan. 26-27 (4.7 hr); a=2.415, e=0.322, i=4
 46395         C2015 01 26.46814 09 58 18.59 +19 23 32.32         19.4 g      568 |      0.00     -0.00
 46395         C2015 01 26.61868 09 58 09.71 +19 24 35.86         19.4 g      568 |      0.13     -0.07
 46395         C2015 01 26.63456 09 58 08.78 +19 24 42.46         19.4 g      568 |      0.08     -0.05
 46395         C2015 01 26.65047 09 58 07.86 +19 24 49.06         19.4 g      568 |      0.13     -0.03
 46395         C2015 01 26.66433 09 58 07.05 +19 24 54.81         19.4 g      568 |      0.00     -0.00
 17: (46965): 4 obs; 2015 Jan. 27-27 (48.0 min); a=2.332, e=0.001, i=5
 46965         C2015 01 26.62503 10 12 27.75 +19 22 49.85         18.3 g      568 |      0.00     -0.00
 46965         C2015 01 26.64087 10 12 26.95 +19 22 54.55         18.3 g      568 |     -0.10     -0.03
 46965         C2015 01 26.65689 10 12 26.15 +19 22 59.36         18.3 g      568 |     -0.12      0.01
 46965         C2015 01 26.65887 10 12 26.06 +19 22 59.94         18.3 g      568 |      0.00     -0.00
 18: (50800): 5 obs; 2015 Jan. 26-27 (4.7 hr); a=3.142, e=0.050, i=6
 50800         C2015 01 26.47133 10 04 27.53 +19 22 18.24         19.9 g      568 |      0.00     -0.00
 50800         C2015 01 26.62183 10 04 21.15 +19 22 53.78         19.8 g      568 |      0.13     -0.02
 50800         C2015 01 26.63771 10 04 20.48 +19 22 57.50         19.8 g      568 |      0.13     -0.00
 50800         C2015 01 26.65367 10 04 19.80 +19 23 01.25         19.8 g      568 |      0.00      0.03
 50800         C2015 01 26.66510 10 04 19.32 +19 23 03.87         19.9 g      568 |     -0.00     -0.00
 19: (58086): 4 obs; 2015 Jan. 26-27 (4.8 hr); a=2.296, e=0.015, i=6
 58086         C2015 01 26.46171 09 57 45.01 +20 32 56.62         19.5 g      568 |     -0.00      0.00
 58086         C2015 01 26.61229 09 57 36.23 +20 33 33.68         19.4 g      568 |     -0.03     -0.12
 58086         C2015 01 26.62820 09 57 35.31 +20 33 37.58         19.3 g      568 |     -0.02     -0.05
 58086         C2015 01 26.66089 09 57 33.43 +20 33 45.46         19.4 g      568 |     -0.00      0.00
 20: (58670): 3 obs; 2015 Jan. 27-27 (46.0 min); a=2.332, e=0.001, i=4
 58670         C2015 01 26.61868 09 55 31.29 +19 11 20.68         17.3 g      568 |      0.00     -0.00
 58670         C2015 01 26.63456 09 55 30.40 +19 11 25.79         16.4 g      568 |     -0.42      0.21
 58670         C2015 01 26.65047 09 55 29.57 +19 11 30.48         16.5 g      568 |     -0.00     -0.00
 21: (61105): 5 obs; 2015 Jan. 26-27 (4.7 hr); a=2.443, e=0.345, i=3
 61105         C2015 01 26.47133 10 04 23.44 +18 54 15.35         18.9 g      568 |     -0.00     -0.00
 61105         C2015 01 26.62183 10 04 14.28 +18 55 03.19         18.8 g      568 |      0.09     -0.12
 61105         C2015 01 26.63771 10 04 13.33 +18 55 08.18         18.8 g      568 |      0.16     -0.07
 61105         C2015 01 26.65367 10 04 12.37 +18 55 13.17         18.9 g      568 |      0.11     -0.02
 61105         C2015 01 26.66510 10 04 11.68 +18 55 16.72         18.9 g      568 |      0.00     -0.00
 22: (64923): 5 obs; 2015 Jan. 26-27 (4.8 hr); a=2.388, e=0.117, i=7
 64923         C2015 01 26.46171 09 59 32.53 +20 56 47.83         19.6 g      568 |      0.00     -0.00
 64923         C2015 01 26.61229 09 59 25.64 +20 58 06.07         19.6 g      568 |      0.04     -0.12
 64923         C2015 01 26.62820 09 59 24.92 +20 58 14.30         19.6 g      568 |      0.03     -0.05
 64923         C2015 01 26.64408 09 59 24.20 +20 58 22.46         19.5 g      568 |     -0.04     -0.02
 64923         C2015 01 26.66089 09 59 23.45 +20 58 31.07         19.5 g      568 |     -0.00      0.00
 23: (69600): 4 obs; 2015 Jan. 27-27 (48.0 min); a=2.330, e=0.001, i=7
 69600         C2015 01 26.62503 10 09 43.27 +19 28 52.42         18.7 g      568 |     -0.00     -0.00
 69600         C2015 01 26.64087 10 09 42.40 +19 28 55.49         18.7 g      568 |     -0.10      0.00
 69600         C2015 01 26.65689 10 09 41.53 +19 28 58.58         18.7 g      568 |     -0.10      0.00
 69600         C2015 01 26.65887 10 09 41.43 +19 28 58.96         18.7 g      568 |     -0.00     -0.00
 24: (71799): 5 obs; 2015 Jan. 26-27 (4.4 hr); a=2.280, e=0.023, i=7
 71799         C2015 01 26.47449 10 09 04.40 +19 52 52.42         20.4 g      568 |      0.00      0.00
 71799         C2015 01 26.62503 10 08 57.18 +19 54 10.36         20.1 g      568 |     -0.04      0.04
 71799         C2015 01 26.64087 10 08 56.42 +19 54 18.45         20.1 g      568 |     -0.15      0.02
 71799         C2015 01 26.65689 10 08 55.67 +19 54 26.63         20.1 g      568 |     -0.05      0.01
 71799         C2015 01 26.65887 10 08 55.58 +19 54 27.63         20.0 g      568 |     -0.00     -0.00
 25: (77414): 4 obs; 2015 Jan. 27-27 (66.0 min); a=2.513, e=0.034, i=15
 77414         C2015 01 26.61868 10 00 43.75 +19 16 10.44         19.0 g      568 |     -0.00     -0.00
 77414         C2015 01 26.63456 10 00 43.04 +19 16 20.44         18.8 g      568 |     -0.07      0.06
 77414         C2015 01 26.65047 10 00 42.34 +19 16 30.34         18.8 g      568 |     -0.02      0.02
 77414         C2015 01 26.66433 10 00 41.73 +19 16 38.98         18.9 g      568 |     -0.00     -0.00
 26: (78322): 3 obs; 2015 Jan. 26-27 (4.0 hr); a=2.379, e=0.191, i=5
 78322         C2015 01 26.46171 09 58 20.84 +21 00 35.66         20.0 g      568 |      0.00     -0.00
 78322         C2015 01 26.61229 09 58 14.34 +21 01 44.82         19.6 g      568 |      0.05     -0.08
 78322         C2015 01 26.62820 09 58 13.66 +21 01 52.08         19.5 g      568 |      0.00      0.00
 27: (86996): 4 obs; 2015 Jan. 26-27 (4.8 hr); a=2.352, e=0.103, i=5
 86996         C2015 01 26.46489 10 06 42.02 +20 43 04.09         21.1 g      568 |     -0.00     -0.00
 86996         C2015 01 26.61548 10 06 34.68 +20 43 54.92         21.0 g      568 |      0.10     -0.32
 86996         C2015 01 26.64728 10 06 33.10 +20 44 05.85         21.7 g      568 |     -0.57      0.06
 86996         C2015 01 26.66360 10 06 32.36 +20 44 11.18         21.7 g      568 |     -0.00      0.00
 28: (87178): 5 obs; 2015 Jan. 26-27 (4.8 hr); a=2.606, e=0.119, i=12
 87178         C2015 01 26.46171 09 59 48.28 +20 14 40.43         19.6 g      568 |      0.00     -0.00
 87178         C2015 01 26.61229 09 59 39.95 +20 15 02.11         19.7 g      568 |      0.56     -0.26
 87178         C2015 01 26.62820 09 59 39.06 +20 15 04.43         19.5 g      568 |      0.41     -0.19
 87178         C2015 01 26.64408 09 59 38.18 +20 15 06.66         19.5 g      568 |      0.35     -0.19
 87178         C2015 01 26.66089 09 59 37.23 +20 15 09.21         20.0 g      568 |      0.00     -0.00
 29: (89285): 3 obs; 2015 Jan. 26-27 (4.4 hr); a=2.398, e=0.120, i=5
 89285         C2015 01 26.46489 10 04 43.64 +20 50 53.39         16.9 g      568 |     -0.00     -0.00
 89285         C2015 01 26.63139 10 04 35.49 +20 51 45.13         16.7 g      568 |      0.04     -0.05
 89285         C2015 01 26.64728 10 04 34.72 +20 51 50.00         16.7 g      568 |      0.00     -0.00
 30: (89673): 3 obs; 2015 Jan. 26-27 (4.4 hr); a=2.354, e=0.104, i=4
 89673         C2015 01 26.46489 10 07 25.06 +20 06 28.70         18.2 g      568 |      0.00     -0.00
 89673         C2015 01 26.63139 10 07 17.16 +20 07 28.39         18.2 g      568 |     -0.04     -0.03
 89673         C2015 01 26.64728 10 07 16.42 +20 07 34.00         18.2 g      568 |     -0.00      0.00
 31: (499404): 3 obs; 2015 Jan. 27-27 (47.0 min); a=2.289, e=0.226, i=5
 n9404         C2015 01 26.62820 09 58 01.94 +21 03 20.41         21.1 g      568 |     -0.00      0.00
 n9404         C2015 01 26.64408 09 58 01.18 +21 03 21.85         21.1 g      568 |      0.14     -0.00
 n9404         C2015 01 26.66089 09 58 00.36 +21 03 23.36         21.2 g      568 |      0.00      0.00
 32: (499889): 5 obs; 2015 Jan. 26-27 (4.8 hr); a=2.301, e=0.164, i=5
 n9889         C2015 01 26.46489 10 05 14.47 +20 40 54.83         20.7 g      568 |     -0.00      0.00
 n9889         C2015 01 26.61548 10 05 08.09 +20 42 07.36         20.6 g      568 |      0.15     -0.07
 n9889         C2015 01 26.63139 10 05 07.42 +20 42 14.91         20.6 g      568 |      0.08     -0.05
 n9889         C2015 01 26.64728 10 05 06.76 +20 42 22.43         20.6 g      568 |      0.09     -0.03
 n9889         C2015 01 26.66360 10 05 06.08 +20 42 30.15         20.6 g      568 |     -0.00      0.00
 33: (502586): 4 obs; 2015 Jan. 26-27 (4.7 hr); a=2.736, e=0.051, i=5
 o2586         C2015 01 26.47133 10 01 49.54 +19 56 18.51         21.4 g      568 |      0.00     -0.00
 o2586         C2015 01 26.62183 10 01 42.73 +19 57 12.59         21.6 g      568 |     -0.04     -0.02
 o2586         C2015 01 26.65367 10 01 41.31 +19 57 23.92         21.7 g      568 |      0.02      0.03
 o2586         C2015 01 26.66510 10 01 40.80 +19 57 27.93         21.7 g      568 |      0.00     -0.00
 34: (502606): 3 obs; 2015 Jan. 27-27 (47.0 min); a=2.280, e=0.223, i=4
 o2606         C2015 01 26.62820 09 59 44.01 +21 25 29.70         20.8 g      568 |      0.00      0.00
 o2606         C2015 01 26.64408 09 59 43.33 +21 25 34.21         20.9 g      568 |     -0.03     -0.02
 o2606         C2015 01 26.66089 09 59 42.62 +21 25 39.01         20.9 g      568 |      0.00      0.00
 35: (502957): 5 obs; 2015 Jan. 26-27 (4.7 hr); a=2.757, e=0.058, i=5
 o2957         C2015 01 26.47133 10 06 59.72 +19 24 56.76         21.6 g      568 |      0.00     -0.00
 o2957         C2015 01 26.62183 10 06 53.18 +19 25 49.60         21.7 g      568 |      0.13     -0.03
 o2957         C2015 01 26.63771 10 06 52.49 +19 25 55.07         21.8 g      568 |      0.06     -0.07
 o2957         C2015 01 26.65367 10 06 51.80 +19 26 00.62         21.8 g      568 |      0.00     -0.04
 o2957         C2015 01 26.66510 10 06 51.31 +19 26 04.61         21.7 g      568 |      0.00     -0.00
 36: (505832): 5 obs; 2015 Jan. 26-27 (4.7 hr); a=2.370, e=0.214, i=7
 o5832         C2015 01 26.47133 10 04 33.65 +19 53 46.49         20.5 g      568 |      0.00      0.00
 o5832         C2015 01 26.62183 10 04 25.42 +19 53 46.73         20.6 g      568 |      0.40     -0.06
 o5832         C2015 01 26.63771 10 04 24.54 +19 53 46.66         20.4 g      568 |      0.11     -0.02
 o5832         C2015 01 26.65367 10 04 23.67 +19 53 46.59         20.4 g      568 |     -0.04      0.04
 o5832         C2015 01 26.66510 10 04 23.06 +19 53 46.45         20.4 g      568 |      0.00     -0.00
 37: (505834): 3 obs; 2015 Jan. 27-27 (46.0 min); a=2.245, e=0.143, i=5
 o5834         C2015 01 26.62183 10 05 15.79 +19 16 49.63         18.7 g      568 |     -0.00      0.00
 o5834         C2015 01 26.63771 10 05 14.98 +19 16 52.25         18.8 g      568 |     -0.00     -0.04
 o5834         C2015 01 26.65367 10 05 14.17 +19 16 54.94         19.1 g      568 |     -0.00     -0.00
 38: (505835): 5 obs; 2015 Jan. 26-27 (4.8 hr); a=2.243, e=0.039, i=8
 o5835         C2015 01 26.46171 10 00 52.05 +20 25 05.72         21.5 g      568 |      0.00      0.00
 o5835         C2015 01 26.61229 10 00 44.33 +20 26 28.17         21.4 g      568 |     -0.02     -0.02
 o5835         C2015 01 26.62820 10 00 43.52 +20 26 36.82         21.4 g      568 |     -0.04      0.02
 o5835         C2015 01 26.64408 10 00 42.72 +20 26 45.41         21.4 g      568 |      0.02      0.02
 o5835         C2015 01 26.66089 10 00 41.87 +20 26 54.47         21.5 g      568 |      0.00      0.00
 39: (508066): 3 obs; 2015 Jan. 26-27 (4.4 hr); a=2.626, e=0.011, i=7
 o8066         C2015 01 26.46171 09 58 47.53 +21 03 00.81         20.8 g      568 |      0.00     -0.00
 o8066         C2015 01 26.61229 09 58 40.41 +21 04 03.30         20.9 g      568 |      0.01      0.01
 o8066         C2015 01 26.64408 09 58 38.92 +21 04 16.30         20.9 g      568 |     -0.00     -0.00
 40: (519267): 5 obs; 2015 Jan. 26-27 (4.8 hr); a=2.331, e=0.000, i=5
 p9267         C2015 01 26.46171 09 57 52.96 +20 29 16.18         21.8 g      568 |     -0.00     -0.00
 p9267         C2015 01 26.61229 09 57 44.51 +20 29 58.46         21.8 g      568 |      0.04     -0.08
 p9267         C2015 01 26.62820 09 57 43.63 +20 30 02.76         21.8 g      568 |      0.12     -0.16
 p9267         C2015 01 26.64408 09 57 42.74 +20 30 07.24         21.6 g      568 |      0.00     -0.03
 p9267         C2015 01 26.66089 09 57 41.81 +20 30 11.87         21.8 g      568 |     -0.00     -0.00
 41: (519958): 4 obs; 2015 Jan. 27-27 (70.0 min); a=2.618, e=0.008, i=5
 p9958         C2015 01 26.61229 09 58 03.46 +20 20 10.91         22.2 g      568 |      0.00      0.00
 p9958         C2015 01 26.62820 09 58 02.69 +20 20 16.41         22.3 g      568 |     -0.02      0.02
 p9958         C2015 01 26.64408 09 58 01.93 +20 20 21.86         22.2 g      568 |      0.05      0.01
 p9958         C2015 01 26.66089 09 58 01.12 +20 20 27.62         22.4 g      568 |     -0.00      0.00
 42: (525799): 4 obs; 2015 Jan. 26-27 (4.4 hr); a=2.279, e=0.023, i=6
 q5799         C2015 01 26.47449 10 12 45.77 +19 50 16.92         22.4 g      568 |      0.00     -0.00
 q5799         C2015 01 26.62503 10 12 37.87 +19 51 01.93         22.2 g      568 |      0.03      0.02
 q5799         C2015 01 26.64087 10 12 37.04 +19 51 06.54         22.3 g      568 |     -0.05     -0.02
 q5799         C2015 01 26.65887 10 12 36.11 +19 51 11.82         22.5 g      568 |     -0.00     -0.00
 43: (526039): 4 obs; 2015 Jan. 26-27 (4.4 hr); a=2.324, e=0.092, i=4
 q6039         C2015 01 26.47449 10 09 43.06 +19 27 33.53         21.8 g      568 |      0.00     -0.00
 q6039         C2015 01 26.62503 10 09 36.05 +19 28 30.02         21.8 g      568 |      0.09     -0.05
 q6039         C2015 01 26.64087 10 09 35.31 +19 28 35.92         21.7 g      568 |     -0.06      0.00
 q6039         C2015 01 26.65887 10 09 34.49 +19 28 42.54         21.9 g      568 |      0.00     -0.00
 44: (528543): 5 obs; 2015 Jan. 26-27 (4.4 hr); a=1.479, e=0.119, i=2
 q8543         C2015 01 26.47449 10 08 06.23 +18 56 28.13         22.3 g      568 |      0.00     -0.00
 q8543         C2015 01 26.62503 10 07 59.19 +18 56 55.48         22.1 g      568 |      0.67     -0.76
 q8543         C2015 01 26.64087 10 07 58.46 +18 56 58.32         22.1 g      568 |      0.39     -0.53
 q8543         C2015 01 26.65689 10 07 57.73 +18 57 01.25         22.2 g      568 |      0.05     -0.17
 q8543         C2015 01 26.65887 10 07 57.64 +18 57 01.74         22.7 g      568 |     -0.00     -0.00
 45: (529066): 5 obs; 2015 Jan. 26-27 (4.4 hr); a=2.301, e=0.013, i=7
 q9066         C2015 01 26.47449 10 12 09.97 +19 01 50.11         22.3 g      568 |     -0.00      0.00
 q9066         C2015 01 26.62503 10 12 01.78 +19 02 21.51         22.4 g      568 |     -0.03     -0.05
 q9066         C2015 01 26.64087 10 12 00.93 +19 02 24.77         22.1 g      568 |      0.03     -0.01
 q9066         C2015 01 26.65689 10 12 00.06 +19 02 28.03         21.9 g      568 |     -0.09      0.00
 q9066         C2015 01 26.65887 10 11 59.96 +19 02 28.43         21.8 g      568 |      0.00      0.00
 46: (529335): 5 obs; 2015 Jan. 26-27 (4.8 hr); a=2.395, e=0.027, i=6
 q9335         C2015 01 26.46489 10 06 18.96 +21 26 00.94         22.6 g      568 |      0.00      0.00
 q9335         C2015 01 26.61548 10 06 11.21 +21 26 50.14         22.7 g      568 |      0.14     -0.13
 q9335         C2015 01 26.63139 10 06 10.39 +21 26 55.35         22.9 g      568 |      0.04     -0.03
 q9335         C2015 01 26.64728 10 06 09.57 +21 27 00.49         22.8 g      568 |     -0.11      0.02
 q9335         C2015 01 26.66360 10 06 08.75 +21 27 05.68         22.9 g      568 |      0.00      0.00
 47: (530408): 5 obs; 2015 Jan. 26-27 (4.8 hr); a=2.606, e=0.106, i=11
 r0408         C2015 01 26.46171 09 59 26.44 +20 59 06.27         21.5 g      568 |      0.00     -0.00
 r0408         C2015 01 26.61229 09 59 20.11 +21 00 39.17         21.4 g      568 |      0.30     -0.16
 r0408         C2015 01 26.62820 09 59 19.43 +21 00 49.04         21.2 g      568 |      0.07     -0.03
 r0408         C2015 01 26.64408 09 59 18.77 +21 00 58.73         21.2 g      568 |      0.07     -0.04
 r0408         C2015 01 26.66089 09 59 18.07 +21 01 09.03         21.2 g      568 |     -0.00     -0.00
 
