     A01735  1C2009 07 15.68821 20 40 56.23 -17 12 43.4          20.9 R      300
     A01735  1C2009 07 15.69139 20 40 55.97 -17 12 44.4          21.3 R      300
     A01735  1C2009 07 15.69457 20 40 55.66 -17 12 44.9          20.9 R      300
     A01736  1C2009 08 14.60957 21 13 32.31 -08 14 57.5          20.4 R      300
     A01736  1C2009 08 14.61705 21 13 31.90 -08 14 59.6          20.7 R      300
     A01736  1C2009 08 14.62453 21 13 31.50 -08 15 01.3          20.1 R      300
     A01736  1C2009 08 14.63201 21 13 31.17 -08 15 02.1          20.7 R      300
     A09999  1C2009 08 14.61705 21 13 31.90 -08 14 59.6          20.7 R      300
     A09999  1C2009 08 14.60957 21 13 32.31 -08 14 57.5          20.4 R      300
     A09999  1C2009 08 14.62453 21 13 31.50 -08 15 01.3          20.1 R      300
     A09999  1C2009 08 14.63201 21 13 31.17 -08 15 02.1          20.7 R      300
