Processing 4065 objects
      H000076  C2015 01 26.36893 08 22 10.34 +18 12 50.82         22.4 r      568 |      1.10      0.77
      H000215  C2015 01 26.34166 08 17 22.23 +18 29 41.01         22.5 r      568 |      1.43      0.19
      H000244  C2015 01 26.37164 08 28 34.70 +19 11 01.66         22.2 r      568 |     -1.12     -0.24
      H000337  C2015 01 26.31987 08 26 23.22 +19 44 25.42         23.4 r      568 |     -3.96     -1.30
      H000337  C2015 01 26.34440 08 26 21.92 +19 44 38.04         23.4 r      568 |     -4.33     -1.76
      H000595  C2015 01 26.32259 08 26 50.37 +18 09 58.74         23.0 r      568 |      0.08     -1.59
      H000595  C2015 01 26.34710 08 26 48.73 +18 10 02.34         23.2 r      568 |      0.01     -1.15
      H000954  C2015 01 26.32533 08 36 57.68 +18 07 29.04         22.4 r      568 |     -3.28     -1.35
      H000954  C2015 01 26.34985 08 36 56.16 +18 07 28.81         22.5 r      568 |     -3.93     -1.82
      H000954  C2015 01 26.37706 08 36 54.47 +18 07 28.54         22.3 r      568 |     -2.69     -1.40
      H001427  C2015 01 26.33349 08 31 44.97 +17 06 15.97         21.7 r      568 |    -13.57     -6.35
      H001427  C2015 01 26.35792 08 31 43.67 +17 06 18.45         21.7 r      568 |    -15.67     -7.65
      H001427  C2015 01 26.38523 08 31 42.08 +17 06 20.09         21.9 r      568 |    -11.12     -5.54
      H002093  C2015 01 26.31717 08 19 58.34 +17 47 01.83         23.9 r      568 |      1.15     -0.22
      H002093  C2015 01 26.34166 08 19 56.77 +17 47 07.60         23.7 r      568 |      2.11     -0.24
      H002166  C2015 01 26.34166 08 20 39.30 +18 55 25.97         22.7 r      568 |      1.12     -1.23
      H002212  C2015 01 26.34166 08 21 36.42 +19 10 35.53         24.5 r      568 |     -0.36     -2.64
      H002212  C2015 01 26.36893 08 21 34.93 +19 10 43.52         24.0 r      568 |     -0.12     -1.43
      H002220  C2015 01 26.31717 08 19 35.45 +17 49 12.66         22.4 r      568 |      0.05      1.38
      H002291  C2015 01 26.31717 08 19 28.17 +18 37 08.68         23.0 r      568 |     -2.39      0.96
      H002291  C2015 01 26.34166 08 19 26.53 +18 37 11.44         23.3 r      568 |     -1.74      0.61
      H002427  C2015 01 26.31987 08 27 47.60 +19 08 38.76         24.4 r      568 |     -1.16      0.25
      H002427  C2015 01 26.34440 08 27 47.35 +19 08 39.32         25.4 r      568 |     -1.20      0.04
      H003090  C2015 01 26.29351 08 24 11.66 +18 05 56.64         24.3 r      568 |   -695.64   2097.04
      H003090  C2015 01 26.32259 08 24 09.71 +18 06 00.17         23.7 r      568 |   -506.04   1519.97
      H003090  C2015 01 26.32259 08 24 58.53 +17 31 07.41         23.7 r      568 |    191.08   -572.79
      H003090  C2015 01 26.34710 08 24 08.06 +18 06 03.09         23.8 r      568 |   -345.15   1033.95
      H003090  C2015 01 26.34710 08 24 56.99 +17 31 14.05         24.0 r      568 |    353.48  -1055.09
      H003090  C2015 01 26.37433 08 24 55.28 +17 31 21.37         23.6 r      568 |    534.90  -1590.47
      H003090  C2015 01 26.39930 08 24 53.69 +17 31 27.94         23.5 r      568 |    701.63  -2081.05
      H003903  C2015 01 26.36069 08 41 33.99 +16 29 45.26         23.7 r      568 |     -1.20     -0.64
      H004104  C2015 01 26.33076 08 38 45.78 +15 47 49.69         23.7 r      568 |     -2.86     -1.31
      H004104  C2015 01 26.35523 08 38 44.59 +15 47 57.72         23.8 r      568 |     -2.89     -1.96
      H004104  C2015 01 26.38250 08 38 43.21 +15 48 06.66         24.0 r      568 |     -1.79     -1.86
      H004120  C2015 01 26.33076 08 37 04.46 +15 57 59.56         22.1 r      568 |     -2.66     -0.56
      H004120  C2015 01 26.35523 08 37 02.97 +15 58 02.70         22.3 r      568 |     -2.73     -0.85
      H004120  C2015 01 26.38250 08 37 01.28 +15 58 06.15         22.0 r      568 |     -1.91     -0.63
      H004136  C2015 01 26.33076 08 37 24.78 +16 08 45.44         21.6 r      568 |     -1.23     -0.37
      H004255  C2015 01 26.35523 08 37 37.21 +16 53 59.50         23.7 r      568 |     -0.23     -1.70
      H004378  C2015 01 26.33076 08 35 40.71 +16 51 46.29         24.2 r      568 |     -3.11     -1.18
      H004378  C2015 01 26.35523 08 35 39.11 +16 51 50.02         24.0 r      568 |     -3.73     -1.50
      H004378  C2015 01 26.38250 08 35 37.31 +16 51 54.14         23.6 r      568 |     -2.75     -0.97
      H004394  C2015 01 26.33076 08 35 06.13 +16 55 45.28         24.0 r      568 |     -1.86     -0.35
      H004394  C2015 01 26.35523 08 35 04.66 +16 55 50.50         24.6 r      568 |     -1.45     -0.46
      H004413  C2015 01 26.33076 08 34 43.68 +16 06 54.55         23.4 r      568 |     -1.35     -0.29
      H004413  C2015 01 26.35523 08 34 42.45 +16 07 05.33         23.4 r      568 |     -1.13     -0.01
      H004516  C2015 01 26.35792 08 33 22.41 +17 12 23.97         24.8 r      568 |     -4.18     -1.75
      H004516  C2015 01 26.38523 08 33 20.68 +17 12 29.74         24.3 r      568 |     -2.96     -1.16
      H004548  C2015 01 26.35792 08 31 48.25 +16 27 49.28         24.1 r      568 |     -3.36     -1.64
      H004548  C2015 01 26.38523 08 31 46.81 +16 28 01.30         24.3 r      568 |     -2.26     -1.21
      H004879  C2015 01 26.38523 08 28 28.87 +17 07 37.25         24.0 r      568 |      1.04      0.21
      H004934  C2015 01 26.36346 08 28 31.38 +15 54 05.95         23.6 r      568 |     -1.15      0.14
      H005067  C2015 01 26.38803 08 25 59.08 +16 55 56.31         23.2 r      568 |     -0.32      1.17
      H005119  C2015 01 26.36346 08 24 26.11 +15 57 58.37         23.8 r      568 |     -2.43      0.09
      H005119  C2015 01 26.38803 08 24 24.75 +15 58 04.56         23.1 r      568 |     -1.78     -0.06
      H005174  C2015 01 26.33618 08 25 15.69 +16 44 55.59         24.3 r      568 |     -2.74     -1.68
      H005174  C2015 01 26.36346 08 25 13.82 +16 45 01.06         24.6 r      568 |     -3.32     -2.28
      H005174  C2015 01 26.38803 08 25 12.10 +16 45 06.18         24.1 r      568 |     -2.43     -1.50
      H005183  C2015 01 26.38803 08 23 35.41 +16 51 32.26         23.7 r      568 |      1.08     -0.23
      H005204  C2015 01 26.36346 08 23 00.34 +16 12 30.86         23.9 r      568 |     -0.16     -1.21
      H005349  C2015 01 26.33894 08 20 13.61 +17 13 32.61         23.4 r      568 |     -1.02     -0.35
      H005429  C2015 01 26.33894 08 18 51.49 +17 01 48.60         24.0 r      568 |     -1.43     -0.54
      H005429  C2015 01 26.36620 08 18 49.75 +17 01 53.80         24.7 r      568 |     -2.02     -1.10
      H005429  C2015 01 26.39083 08 18 48.19 +17 01 58.68         24.2 r      568 |     -1.47     -0.81
      H005526  C2015 01 26.36620 08 18 46.44 +16 51 29.37         24.3 r      568 |     -1.97     -0.76
      H005526  C2015 01 26.39083 08 18 45.03 +16 51 35.86         24.3 r      568 |     -1.36     -0.55
      K10W27J  C2015 01 26.34166 08 17 17.36 +18 08 37.38         22.3 r      568 |     -1.02      0.27
      K15D04Y  C2015 01 26.33349 08 32 16.02 +17 10 25.02         21.2 r      568 |     -9.12     -5.20
      K15D04Y  C2015 01 26.35792 08 32 14.68 +17 10 35.95         20.6 r      568 |    -11.75     -6.45
 04841         C2015 01 26.35523 08 36 33.47 +16 12 08.59         18.7 r      568 |     -0.05      1.06
 A9455         C2015 01 26.32259 08 26 22.46 +17 08 18.34         18.4 r      568 |     -2.26     -0.95
 A9455         C2015 01 26.34710 08 26 20.92 +17 08 23.26         18.6 r      568 |     -2.57     -1.23
 A9455         C2015 01 26.37433 08 26 19.23 +17 08 28.62         18.8 r      568 |     -1.20     -0.96
 O1705         C2015 01 26.37977 08 42 21.03 +16 55 48.53         19.8 r      568 |     -0.11      1.11
