t9446        0 3134.00 433.00
t9446        1 3200.00 455.00
t9446        2 3258.00 473.00
     K17U23O 0 115.00 3705.00
     K17U23O 1 197.00 3726.00
     K17U23O 4 418.00 3792.00
     K06W32C 1 4641.00 3703.00
     K06W32C 3 4782.00 3749.00
     K06W32C 4 4849.00 3772.00
     H000329 1 49.00 4802.00
     H000329 2 105.00 4822.00
     H000329 3 170.00 4843.00
     H000331 2 450.00 2304.00
     H000331 3 526.00 2332.00
     H000331 4 594.00 2356.00
     H000332 0 1052.00 2539.00
     H000332 1 1130.00 2562.00
     H000332 2 1198.00 2582.00
     H000333 1 647.00 8.00
     H000333 3 792.00 46.00
     H000333 4 861.00 64.00
     H000334 2 1236.00 562.00
     H000334 3 1298.00 580.00
     H000334 4 1352.00 598.00
     H000335 0 2096.00 372.00
     H000335 1 2174.00 379.00
     H000335 2 2243.00 384.00

# 以下コメント
numbered_disp_m.txt, karifugo_disp_m.txt, unknown_disp_m.txtを結合したもの.