2017UO23 2457048.796955385 129.6260802 17.6037693 24.265 0.017 115.00 3705.00 r 0
2017UO23 2457048.825325683 129.6181056 17.6057951 21.122 0.004 197.00 3726.00 r 1
2017UO23 2457048.902035332 129.5965802 17.6120052 21.061 0.004 418.00 3792.00 r 4
559446 2457048.796955385 129.3302530 17.2990308 20.766 0.003 3134.00 433.00 r 0
559446 2457048.825325683 129.3238035 17.3011366 20.715 0.003 3200.00 455.00 r 1
559446 2457048.849849903 129.3181353 17.3026815 20.691 0.003 3258.00 473.00 r 2
2006WC32 2457048.825325683 129.1829597 17.6042124 21.924 0.006 4641.00 3703.00 r 1
2006WC32 2457048.877063905 129.1691538 17.6085081 21.943 0.006 4782.00 3749.00 r 3
2006WC32 2457048.902035332 129.1625933 17.6106555 21.989 0.006 4849.00 3772.00 r 4

# 以下コメント
listb3.txtに記載の手動測定天体のうち, search_astB.txtに記載の既知天体の位置と一致したもの.
書式: 確定番号or仮符号 jd ra[degree] dec[degree] 等級 等級誤差 Xpixel Ypixel フィルター 画像番号