000329 1 49 4802 45 4805 52 4805 52 4800
000329 2 105 4822 103 4823 109 4823 109 4820
000329 3 170 4843 167 4845 174 4845 174 4840
000330 0 115 3705 112 3708 120 3708 120 3701
000330 1 197 3726 190 3726 200 3731 205 3726
000330 4 418 3792 410 3792 420 3797 425 3792
000331 2 450 2304 446 2309 455 2309 455 2302
000331 3 526 2332 522 2332 527 2337 531 2332
000331 4 594 2356 588 2355 596 2360 600 2357
000332 0 1052 2539 1047 2542 1057 2542 1057 2537
000332 1 1130 2562 1124 2562 1132 2567 1136 2562
000332 2 1198 2582 1191 2582 1201 2587 1205 2582
000333 1 647 8 640 8 650 16 654 8
000333 3 792 46 786 49 793 54 798 46
000333 4 861 64 856 67 864 72 868 64
000334 2 1236 562 1231 567 1241 567 1242 560
000334 3 1298 580 1293 585 1303 584 1303 577
000334 4 1352 598 1347 598 1355 603 1358 598
000335 0 2096 372 2090 377 2102 377 2102 369
000335 1 2174 379 2169 384 2180 384 2180 374
000335 2 2243 384 2237 389 2250 389 2249 379

# 以下コメント
COIAS.pyのmanual measureモードにて測定された手動測定天体の位置情報とアパーチャーを定義する3点を記したファイル.
書式: H番号 画像番号 天体位置(Xpixel Ypixel) アパーチャーを定義する3点(Xpixel1 Ypixel1 Xpixel2 Ypixel2 Xpixel3 Ypixel3)