t9446         C2015 01 26.29696 08 37 19.26 +17 17 56.51         20.8 r      568
t9446         C2015 01 26.32533 08 37 17.71 +17 18 04.09         20.7 r      568
t9446         C2015 01 26.34985 08 37 16.35 +17 18 09.65         20.7 r      568
     K17U23O  C2015 01 26.29696 08 38 30.26 +17 36 13.57         24.3 r      568
     K17U23O  C2015 01 26.32533 08 38 28.35 +17 36 20.86         21.1 r      568
     K17U23O  C2015 01 26.40204 08 38 23.18 +17 36 43.22         21.1 r      568
     K06W32C  C2015 01 26.32533 08 36 43.91 +17 36 15.16         21.9 r      568
     K06W32C  C2015 01 26.37706 08 36 40.60 +17 36 30.63         21.9 r      568
     K06W32C  C2015 01 26.40204 08 36 39.02 +17 36 38.36         22.0 r      568
     H000329  C2015 01 26.32533 08 38 31.91 +17 42 22.43         24.5 r      568
     H000329  C2015 01 26.34985 08 38 30.56 +17 42 28.86         27.1 r      568
     H000329  C2015 01 26.37706 08 38 29.05 +17 42 35.97         24.6 r      568
     H000331  C2015 01 26.34985 08 38 22.32 +17 28 23.80         23.6 r      568
     H000331  C2015 01 26.37706 08 38 20.54 +17 28 32.77         24.3 r      568
     H000331  C2015 01 26.40204 08 38 18.95 +17 28 40.88         23.3 r      568
     H000332  C2015 01 26.29696 08 38 08.21 +17 29 42.87         22.7 r      568
     H000332  C2015 01 26.32533 08 38 06.38 +17 29 50.48         22.6 r      568
     H000332  C2015 01 26.34985 08 38 04.78 +17 29 57.25         22.7 r      568
     H000333  C2015 01 26.32533 08 38 17.58 +17 15 32.05         23.5 r      568
     H000333  C2015 01 26.37706 08 38 14.18 +17 15 45.43         23.2 r      568
     H000333  C2015 01 26.40204 08 38 12.54 +17 15 51.52         23.2 r      568
     H000334  C2015 01 26.34985 08 38 03.78 +17 18 39.09         23.2 r      568
     H000334  C2015 01 26.37706 08 38 02.34 +17 18 45.01         23.3 r      568
     H000334  C2015 01 26.40204 08 38 01.06 +17 18 50.76         23.4 r      568
     H000335  C2015 01 26.29696 08 37 43.61 +17 17 35.59         21.7 r      568
     H000335  C2015 01 26.32533 08 37 41.77 +17 17 37.64         21.8 r      568
     H000335  C2015 01 26.34985 08 37 40.16 +17 17 39.35         21.9 r      568

# 以下コメント
numbered_mpc_m.txt, karifugo_mpc_m.txt, unknown_mpc_m.txtを結合したもの.