t9446         C2015 01 26.29696 08 37 19.26 +17 17 56.51         20.8 r      568 0 20.766 0.003 3134.00 433.00
t9446         C2015 01 26.32533 08 37 17.71 +17 18 04.09         20.7 r      568 1 20.715 0.003 3200.00 455.00
t9446         C2015 01 26.34985 08 37 16.35 +17 18 09.65         20.7 r      568 2 20.691 0.003 3258.00 473.00
     K17U23O  C2015 01 26.29696 08 38 30.26 +17 36 13.57         24.3 r      568 0 24.265 0.017 115.00 3705.00
     K17U23O  C2015 01 26.32533 08 38 28.35 +17 36 20.86         21.1 r      568 1 21.122 0.004 197.00 3726.00
     K17U23O  C2015 01 26.40204 08 38 23.18 +17 36 43.22         21.1 r      568 4 21.061 0.004 418.00 3792.00
     K06W32C  C2015 01 26.32533 08 36 43.91 +17 36 15.16         21.9 r      568 1 21.924 0.006 4641.00 3703.00
     K06W32C  C2015 01 26.37706 08 36 40.60 +17 36 30.63         21.9 r      568 3 21.943 0.006 4782.00 3749.00
     K06W32C  C2015 01 26.40204 08 36 39.02 +17 36 38.36         22.0 r      568 4 21.989 0.006 4849.00 3772.00
     H000059  C2015 01 26.32533 08 38 31.91 +17 42 22.43         24.5 r      568 1 24.513 0.019 49.00 4802.00
     H000059  C2015 01 26.34985 08 38 30.56 +17 42 28.86         27.1 r      568 2 27.110 0.062 105.00 4822.00
     H000059  C2015 01 26.37706 08 38 29.05 +17 42 35.97         24.6 r      568 3 24.632 0.020 170.00 4843.00
     H000060  C2015 01 26.34985 08 38 22.32 +17 28 23.80         23.6 r      568 2 23.551 0.012 450.00 2304.00
     H000060  C2015 01 26.37706 08 38 20.54 +17 28 32.77         24.3 r      568 3 24.270 0.017 526.00 2332.00
     H000060  C2015 01 26.40204 08 38 18.95 +17 28 40.88         23.3 r      568 4 23.262 0.010 594.00 2356.00
     H000061  C2015 01 26.29696 08 38 08.21 +17 29 42.87         22.7 r      568 0 22.707 0.008 1052.00 2539.00
     H000061  C2015 01 26.32533 08 38 06.38 +17 29 50.48         22.6 r      568 1 22.620 0.008 1130.00 2562.00
     H000061  C2015 01 26.34985 08 38 04.78 +17 29 57.25         22.7 r      568 2 22.666 0.008 1198.00 2582.00
     H000062  C2015 01 26.32533 08 38 17.58 +17 15 32.05         23.5 r      568 1 23.544 0.012 647.00 8.00
     H000062  C2015 01 26.37706 08 38 14.18 +17 15 45.43         23.2 r      568 3 23.219 0.010 792.00 46.00
     H000062  C2015 01 26.40204 08 38 12.54 +17 15 51.52         23.2 r      568 4 23.156 0.010 861.00 64.00
     H000063  C2015 01 26.34985 08 38 03.78 +17 18 39.09         23.2 r      568 2 23.177 0.010 1236.00 562.00
     H000063  C2015 01 26.37706 08 38 02.34 +17 18 45.01         23.3 r      568 3 23.292 0.011 1298.00 580.00
     H000063  C2015 01 26.40204 08 38 01.06 +17 18 50.76         23.4 r      568 4 23.390 0.011 1352.00 598.00
     H000064  C2015 01 26.29696 08 37 43.61 +17 17 35.59         21.7 r      568 0 21.688 0.005 2096.00 372.00
     H000064  C2015 01 26.32533 08 37 41.77 +17 17 37.64         21.8 r      568 1 21.818 0.005 2174.00 379.00
     H000064  C2015 01 26.34985 08 37 40.16 +17 17 39.35         21.9 r      568 2 21.948 0.006 2243.00 384.00
     
# 以下コメント
all_m.txtの新天体のH番号を, redisp.txtに記載の新天体のH番号から連番になるように付け替えたもの.