000329 2457048.825325683 129.6329692 17.7062292 24.513 0.019 49.00 4802.00 r 1
000329 2457048.849849903 129.6273409 17.7080163 27.110 0.062 105.00 4822.00 r 2
000329 2457048.877063905 129.6210271 17.7099916 24.632 0.020 170.00 4843.00 r 3
000331 2457048.849849903 129.5930008 17.4732784 23.551 0.012 450.00 2304.00 r 2
000331 2457048.877063905 129.5855709 17.4757682 24.270 0.017 526.00 2332.00 r 3
000331 2457048.902035332 129.5789720 17.4780226 23.262 0.010 594.00 2356.00 r 4
000332 2457048.796955385 129.5341962 17.4952413 22.707 0.008 1052.00 2539.00 r 0
000332 2457048.825325683 129.5265680 17.4973560 22.620 0.008 1130.00 2562.00 r 1
000332 2457048.849849903 129.5199177 17.4992352 22.666 0.008 1198.00 2582.00 r 2
000333 2457048.825325683 129.5732608 17.2589024 23.544 0.012 647.00 8.00 r 1
000333 2457048.877063905 129.5590991 17.2626183 23.219 0.010 792.00 46.00 r 3
000333 2457048.902035332 129.5522620 17.2643122 23.156 0.010 861.00 64.00 r 4
000334 2457048.849849903 129.5157588 17.3108592 23.177 0.010 1236.00 562.00 r 2
000334 2457048.877063905 129.5097502 17.3125034 23.292 0.011 1298.00 580.00 r 3
000334 2457048.902035332 129.5044257 17.3140996 23.390 0.011 1352.00 598.00 r 4
000335 2457048.796955385 129.4317091 17.2932182 21.688 0.005 2096.00 372.00 r 0
000335 2457048.825325683 129.4240369 17.2937890 21.818 0.005 2174.00 379.00 r 1
000335 2457048.849849903 129.4173419 17.2942648 21.948 0.006 2243.00 384.00 r 2

# 以下コメント
listb3.txtに記載の手動測定天体のうち, search_astB.txtに記載の既知天体の位置と一致しなかったもの.
書式: H番号 jd ra[degree] dec[degree] 等級 等級誤差 Xpixel Ypixel フィルター 画像番号