t9446 0 3134.00 433.00
t9446 1 3200.00 455.00
t9446 2 3258.00 473.00
K17U23O 0 115.00 3705.00
K17U23O 1 197.00 3726.00
K17U23O 4 418.00 3792.00
K06W32C 1 4641.00 3703.00
K06W32C 3 4782.00 3749.00
K06W32C 4 4849.00 3772.00
H000059 1 49.00 4802.00
H000059 2 105.00 4822.00
H000059 3 170.00 4843.00
H000060 2 450.00 2304.00
H000060 3 526.00 2332.00
H000060 4 594.00 2356.00
H000061 0 1052.00 2539.00
H000061 1 1130.00 2562.00
H000061 2 1198.00 2582.00
H000062 1 647.00 8.00
H000062 3 792.00 46.00
H000062 4 861.00 64.00
H000063 2 1236.00 562.00
H000063 3 1298.00 580.00
H000063 4 1352.00 598.00
H000064 0 2096.00 372.00
H000064 1 2174.00 379.00
H000064 2 2243.00 384.00

# 以下コメント
disp_m.txtの新天体のH番号を, redisp.txtに記載の新天体のH番号から連番になるように付け替えたもの.