K8914 4 1466.14 747.17
K8914 3 1412.21 720.93
K8914 2 1353.63 692.16
K8914 1 1301.33 666.53
K8914 0 1240.19 636.14
J9988 4 923.36 1497.00
J9988 3 863.45 1484.15
J9988 2 798.42 1470.05
J9988 1 739.91 1457.28
J9988 0 672.41 1442.40
K15Bx9R 3 2342.69 97.36
K15Bx9R 2 2286.10 66.21
K15Bx9R 1 2236.99 41.26
K15Bx9R 0 2178.72 6.97
K15AG2H 4 4841.33 1700.01
K15AG2H 3 4763.19 1697.07
K15AG2H 2 4678.19 1693.67
K15AG2H 1 4601.96 1690.36
K15AG2H 0 4514.21 1686.26
H000058 4 410.84 3905.85
H000058 3 408.00 3906.41
H000058 2 401.86 3906.60
H000058 1 398.09 3909.95
H000057 4 2714.14 3736.11
H000057 3 2714.19 3735.83
H000057 2 2714.30 3736.00
H000057 1 2714.35 3736.17
H000056 4 559.79 2587.84
H000056 3 543.09 2707.70
H000056 2 522.96 2843.03
H000056 1 502.17 2962.81
H000055 4 4008.04 2414.35
H000055 3 4007.83 2414.51
H000055 2 4008.47 2414.03
H000055 1 4008.06 2414.08
H000054 4 81.25 1790.57
H000054 3 82.39 1791.01
H000054 2 81.36 1790.74
H000054 1 82.28 1790.88
H000053 4 3788.24 729.21
H000053 3 3795.33 712.19
H000053 2 3807.10 697.59
H000053 1 3814.27 682.62
H000052 4 4328.43 4778.79
H000052 3 4328.98 4778.99
H000052 2 4327.91 4778.71
H000052 0 4328.01 4778.48
H000051 4 1789.96 5002.23
H000051 3 1782.51 5011.91
H000051 2 1773.92 5013.98
H000051 0 1755.14 5027.87
H000050 4 2014.83 3136.11
H000050 3 1958.04 3130.63
H000050 2 1896.22 3124.91
H000050 0 1776.94 3113.10
H000049 4 3131.90 682.97
H000049 3 3130.50 687.38
H000049 2 3126.04 690.55
H000049 0 3116.89 699.97
H000048 4 5044.34 4306.69
H000048 2 5024.80 4284.58
H000048 1 5018.01 4272.50
H000048 0 5009.25 4259.11
H000047 4 1827.06 4998.59
H000047 3 1822.72 4996.93
H000047 2 1822.76 4998.44
H000047 1 1821.22 4998.25
H000047 0 1819.76 4997.13
H000046 3 223.77 4259.68
H000046 2 158.56 4229.43
H000046 1 99.35 4202.02
H000046 0 32.31 4170.21
H000045 4 3711.95 4852.66
H000045 2 3712.05 4852.30
H000045 1 3712.00 4852.68
H000045 0 3712.00 4852.94
H000044 4 1501.10 4328.14
H000044 3 1434.86 4294.12
H000044 2 1363.21 4257.08
H000044 1 1298.13 4223.39
H000044 0 1224.22 4184.46
H000043 4 3799.30 4247.63
H000043 3 3740.31 4229.62
H000043 2 3677.11 4210.65
H000043 1 3619.90 4193.42
H000043 0 3554.67 4173.76
H000042 3 3236.52 4897.51
H000042 2 3232.29 4897.03
H000042 1 3232.19 4896.85
H000042 0 3233.55 4896.62
H000041 4 3001.36 4983.89
H000041 3 3001.06 4983.85
H000041 1 3001.66 4983.90
H000041 0 3000.83 4984.17
H000040 4 1759.17 5029.04
H000040 3 1758.11 5031.37
H000040 2 1758.33 5029.76
H000040 1 1758.10 5030.46
H000040 0 1755.14 5027.87
H000039 4 1343.39 5069.75
H000039 3 1343.26 5069.56
H000039 2 1343.97 5070.01
H000039 1 1344.02 5069.49
H000039 0 1343.21 5070.19
H000038 4 1734.01 5089.64
H000038 2 1735.66 5084.98
H000038 1 1738.07 5082.48
H000038 0 1740.27 5081.49
H000037 4 1159.43 3848.19
H000037 3 1159.68 3847.77
H000037 2 1160.02 3847.00
H000037 1 1159.70 3847.55
H000037 0 1159.10 3847.65
H000036 4 1334.24 3502.69
H000036 2 1333.17 3502.70
H000036 1 1333.55 3503.00
H000036 0 1332.71 3502.57
H000035 3 1858.04 3462.87
H000035 2 1858.12 3462.88
H000035 1 1858.89 3463.18
H000035 0 1858.12 3463.65
H000034 4 1610.02 3505.98
H000034 3 1538.86 3488.03
H000034 2 1456.90 3467.38
H000034 1 1385.21 3448.95
H000034 0 1302.75 3427.52
H000033 4 2986.12 3421.57
H000033 3 2922.74 3418.90
H000033 2 2854.32 3416.03
H000033 1 2791.49 3413.43
H000033 0 2719.94 3410.12
H000032 3 2056.44 3308.95
H000032 2 1992.48 3291.72
H000032 1 1935.56 3276.41
H000032 0 1870.75 3258.48
H000031 4 1790.63 3279.70
H000031 3 1723.27 3266.53
H000031 1 1586.05 3238.70
H000031 0 1511.88 3223.12
H000030 4 3340.93 3072.97
H000030 3 3278.82 3071.97
H000030 2 3211.92 3071.13
H000030 1 3151.38 3070.11
H000030 0 3082.38 3069.32
H000029 4 2343.05 2970.45
H000029 3 2282.00 2963.35
H000029 2 2216.43 2955.65
H000029 1 2157.42 2948.41
H000029 0 2090.02 2940.34
H000028 4 759.29 2184.39
H000028 3 758.99 2185.01
H000028 1 759.48 2184.51
H000028 0 759.31 2184.83
H000027 4 3235.06 2102.11
H000027 3 3164.86 2093.66
H000027 2 3088.50 2084.88
H000027 1 3019.94 2076.30
H000027 0 2940.99 2066.58
H000026 4 1592.47 2044.18
H000026 3 1591.51 2044.31
H000026 1 1592.29 2044.39
H000026 0 1591.74 2044.04
H000025 4 4435.07 2096.83
H000025 3 4378.24 2082.60
H000025 2 4317.69 2067.01
H000025 1 4261.56 2052.28
H000025 0 4198.23 2035.83
H000024 4 938.72 1688.65
H000024 3 938.97 1689.27
H000024 1 938.55 1688.98
H000024 0 939.25 1688.93
H000023 4 167.14 1499.86
H000023 2 167.83 1499.69
H000023 1 167.83 1499.87
H000023 0 167.33 1500.03
H000022 3 2123.71 1526.68
H000022 2 2061.28 1507.07
H000022 1 2004.59 1488.92
H000022 0 1940.12 1468.22
H000021 4 187.73 1202.29
H000021 2 187.71 1202.02
H000021 1 188.18 1201.83
H000021 0 187.53 1201.98
H000020 4 4909.54 1181.10
H000020 3 4909.61 1181.11
H000020 2 4908.53 1181.49
H000020 1 4909.03 1181.50
H000020 0 4908.46 1181.78
H000019 4 3786.07 847.42
H000019 3 3787.18 849.05
H000019 2 3786.02 847.28
H000019 1 3785.36 848.20
H000019 0 3786.92 848.03
H000018 4 2971.21 586.06
H000018 3 2971.20 585.35
H000018 2 2970.83 586.12
H000018 1 2970.83 585.51
H000018 0 2971.02 585.68
H000017 4 1788.58 406.23
H000017 3 1788.44 406.74
H000017 1 1788.03 406.35
H000017 0 1788.18 406.32
H000016 4 4841.10 338.41
H000016 3 4841.11 338.40
H000016 2 4841.03 338.51
H000016 1 4841.32 338.47
H000016 0 4841.08 338.63
H000015 4 5095.33 222.10
H000015 3 5095.01 222.01
H000015 2 5095.13 222.23
H000015 1 5095.04 221.99
H000015 0 5095.13 221.89
t9446 0 3134.00 433.00
t9446 1 3200.00 455.00
t9446 2 3258.00 473.00
K17U23O 0 115.00 3705.00
K17U23O 1 197.00 3726.00
K17U23O 4 418.00 3792.00
K06W32C 1 4641.00 3703.00
K06W32C 3 4782.00 3749.00
K06W32C 4 4849.00 3772.00
H000059 1 49.00 4802.00
H000059 2 105.00 4822.00
H000059 3 170.00 4843.00
H000060 2 450.00 2304.00
H000060 3 526.00 2332.00
H000060 4 594.00 2356.00
H000061 0 1052.00 2539.00
H000061 1 1130.00 2562.00
H000061 2 1198.00 2582.00
H000062 1 647.00 8.00
H000062 3 792.00 46.00
H000062 4 861.00 64.00
H000063 2 1236.00 562.00
H000063 3 1298.00 580.00
H000063 4 1352.00 598.00
H000064 0 2096.00 372.00
H000064 1 2174.00 379.00
H000064 2 2243.00 384.00

# 以下コメント
redisp.txtとredisp_manual.txtを結合したもの.
ただし, 手動測定モードは飛ばすことができるという仕様にしているため,
AstsearchR_between_COIAS_and_ReCOIASの段階で一度redisp.txtをreredisp.txtの名前でコピーしてある.