---unknown_all_m.txt-------------------------------------------------------------------------------------------------
     H000329  C2015 01 26.32533 08 38 31.91 +17 42 22.43         24.5 r      568 1 24.513 0.019 49.00 4802.00 m
     H000329  C2015 01 26.34985 08 38 30.56 +17 42 28.86         27.1 r      568 2 27.110 0.062 105.00 4822.00 m
     H000329  C2015 01 26.37706 08 38 29.05 +17 42 35.97         24.6 r      568 3 24.632 0.020 170.00 4843.00 m
     H000331  C2015 01 26.34985 08 38 22.32 +17 28 23.80         23.6 r      568 2 23.551 0.012 450.00 2304.00 m
     H000331  C2015 01 26.37706 08 38 20.54 +17 28 32.77         24.3 r      568 3 24.270 0.017 526.00 2332.00 m
     H000331  C2015 01 26.40204 08 38 18.95 +17 28 40.88         23.3 r      568 4 23.262 0.010 594.00 2356.00 m
     H000332  C2015 01 26.29696 08 38 08.21 +17 29 42.87         22.7 r      568 0 22.707 0.008 1052.00 2539.00 m
     H000332  C2015 01 26.32533 08 38 06.38 +17 29 50.48         22.6 r      568 1 22.620 0.008 1130.00 2562.00 m
     H000332  C2015 01 26.34985 08 38 04.78 +17 29 57.25         22.7 r      568 2 22.666 0.008 1198.00 2582.00 m
     H000333  C2015 01 26.32533 08 38 17.58 +17 15 32.05         23.5 r      568 1 23.544 0.012 647.00 8.00 m
     H000333  C2015 01 26.37706 08 38 14.18 +17 15 45.43         23.2 r      568 3 23.219 0.010 792.00 46.00 m
     H000333  C2015 01 26.40204 08 38 12.54 +17 15 51.52         23.2 r      568 4 23.156 0.010 861.00 64.00 m
     H000334  C2015 01 26.34985 08 38 03.78 +17 18 39.09         23.2 r      568 2 23.177 0.010 1236.00 562.00 m
     H000334  C2015 01 26.37706 08 38 02.34 +17 18 45.01         23.3 r      568 3 23.292 0.011 1298.00 580.00 m
     H000334  C2015 01 26.40204 08 38 01.06 +17 18 50.76         23.4 r      568 4 23.390 0.011 1352.00 598.00 m
     H000335  C2015 01 26.29696 08 37 43.61 +17 17 35.59         21.7 r      568 0 21.688 0.005 2096.00 372.00 m
     H000335  C2015 01 26.32533 08 37 41.77 +17 17 37.64         21.8 r      568 1 21.818 0.005 2174.00 379.00 m
     H000335  C2015 01 26.34985 08 37 40.16 +17 17 39.35         21.9 r      568 2 21.948 0.006 2243.00 384.00 m

# 以下コメント
nomatch_manual.txtに記載の新天体の情報をall形式で書き出したもの.
書式: MPC 80カラムフォーマット 画像番号 詳細等級 等級誤差 Xpixel Ypixel [a or m(自動ならa,手動ならm)]
--------------------------------------------------------------------------------------------------------------------

---unknown_mpc_m.txt------------------------------------------------------------------------------------------------
     H000329  C2015 01 26.32533 08 38 31.91 +17 42 22.43         24.5 r      568
     H000329  C2015 01 26.34985 08 38 30.56 +17 42 28.86         27.1 r      568
     H000329  C2015 01 26.37706 08 38 29.05 +17 42 35.97         24.6 r      568
     H000331  C2015 01 26.34985 08 38 22.32 +17 28 23.80         23.6 r      568
     H000331  C2015 01 26.37706 08 38 20.54 +17 28 32.77         24.3 r      568
     H000331  C2015 01 26.40204 08 38 18.95 +17 28 40.88         23.3 r      568
     H000332  C2015 01 26.29696 08 38 08.21 +17 29 42.87         22.7 r      568
     H000332  C2015 01 26.32533 08 38 06.38 +17 29 50.48         22.6 r      568
     H000332  C2015 01 26.34985 08 38 04.78 +17 29 57.25         22.7 r      568
     H000333  C2015 01 26.32533 08 38 17.58 +17 15 32.05         23.5 r      568
     H000333  C2015 01 26.37706 08 38 14.18 +17 15 45.43         23.2 r      568
     H000333  C2015 01 26.40204 08 38 12.54 +17 15 51.52         23.2 r      568
     H000334  C2015 01 26.34985 08 38 03.78 +17 18 39.09         23.2 r      568
     H000334  C2015 01 26.37706 08 38 02.34 +17 18 45.01         23.3 r      568
     H000334  C2015 01 26.40204 08 38 01.06 +17 18 50.76         23.4 r      568
     H000335  C2015 01 26.29696 08 37 43.61 +17 17 35.59         21.7 r      568
     H000335  C2015 01 26.32533 08 37 41.77 +17 17 37.64         21.8 r      568
     H000335  C2015 01 26.34985 08 37 40.16 +17 17 39.35         21.9 r      568

# 以下コメント
unknown_all_m.txtと同じ情報だが, MPC 80カラムフォーマットの部分のみ書き出したもの.
--------------------------------------------------------------------------------------------------------------------

---unknown_disp_m.txt-----------------------------------------------------------------------------------------------
     H000329 1 49.00 4802.00
     H000329 2 105.00 4822.00
     H000329 3 170.00 4843.00
     H000331 2 450.00 2304.00
     H000331 3 526.00 2332.00
     H000331 4 594.00 2356.00
     H000332 0 1052.00 2539.00
     H000332 1 1130.00 2562.00
     H000332 2 1198.00 2582.00
     H000333 1 647.00 8.00
     H000333 3 792.00 46.00
     H000333 4 861.00 64.00
     H000334 2 1236.00 562.00
     H000334 3 1298.00 580.00
     H000334 4 1352.00 598.00
     H000335 0 2096.00 372.00
     H000335 1 2174.00 379.00
     H000335 2 2243.00 384.00

# 以下コメント
unknown_all_m.txtと同じ情報だが, 天体名 画像番号 Xpixel Ypixel のみ書き出したもの.
--------------------------------------------------------------------------------------------------------------------
