Flying cows
Irrelevance
     J97Z99Z  C1997 04 21.12432 13 56 34.48 -09 11 06.7          13.5 V      413
     J97Z99Z  C1997 04 21.16887 13 56 49.70 -09 11 08.1          13.5 V      413
     J97Z99Z  C1997 04 21.21342 13 57 03.97 -09 11 16.6                      413
     J97Z99Z  C1997 04 21.25797 13 57 16.44 -09 11 31.6                      413
     J97Z99Z  C1997 04 21.30252 13 57 26.35 -09 11 51.4          13.4 V      413
     J97Z99Z  C1997 04 21.34707 13 57 33.13 -09 12 14.3                      413
     J97Z99Z  C1997 04 21.39162 13 57 36.42 -09 12 37.9                      413
     J97Z99Z  C1997 04 21.43617 13 57 36.13 -09 12 59.7                      413
     J97Z99Z  C1997 04 21.48072 13 57 32.47 -09 13 17.1                      413
     J97Z99Z  C1997 04 21.52527 13 57 25.95 -09 13 27.6          12.9 V      413
     J97Z99Z  C1997 04 21.56982 13 57 17.38 -09 13 29.1                      413
     J97Z99Z  C1997 04 21.61437 13 57 07.79 -09 13 19.8                      413
     J97Z99Z  C1997 04 21.65892 13 56 58.40 -09 12 58.9                      413
     J97Z99Z  C1997 04 21.70347 13 56 50.55 -09 12 26.1                      413
     J97Z99Z  C1997 04 21.74802 13 56 45.59 -09 11 42.1                      413
     J97Z99Z  C1997 04 21.79257 13 56 44.76 -09 10 48.4                      413
     J97Z99Z  C1997 04 21.83712 13 56 49.15 -09 09 47.2                      413
     J97Z99Z  C1997 04 21.88167 13 56 59.58 -09 08 41.4                      413
     J97Z99Z  C1997 04 21.92622 13 57 16.57 -09 07 34.0                      413
     J97Z99Z  C1997 04 21.97077 13 57 40.24 -09 06 28.6                      413
     J97Z99Z  C1997 04 22.01532 13 58 10.36 -09 05 28.5                      413
     J97Z99Z  C1997 04 22.05987 13 58 46.33 -09 04 36.7                      413
     J97Z99Z  C1997 04 22.10442 13 59 27.18 -09 03 55.7                      413
     J97Z99Z  C1997 04 22.14897 14 00 11.70 -09 03 27.4                      413
     J97Z99Z  C1997 04 22.19352 14 00 58.43 -09 03 12.5                      413
     J97Z99Z  C1997 04 22.23807 14 01 45.83 -09 03 10.9                      413
     J97Z99Z  C1997 04 22.28262 14 02 32.34 -09 03 21.0                      413
     J97Z99Z  C1997 04 22.32717 14 03 16.55 -09 03 39.8                      413
     J97Z99Z  C1997 04 22.37172 14 03 57.32 -09 04 02.8                      413
     J97Z99Z  C1997 04 22.41627 14 04 33.98 -09 04 23.9                      413
     J97Z99Z  C1997 04 22.46082 14 05 06.52 -09 04 34.5                      413
     J97Z99Z  C1997 04 22.50537 14 05 35.76 -09 04 23.8                      413
     J97Z99Z  C1997 04 22.54992 14 06 02.77 -09 03 33.9                      413
     J97Z99Z  C1997 04 22.59447 14 06 29.71 -09 01 40.5                      413
     J97Z99Z  C1997 04 22.63902 14 07 04.83 -08 58 23.8                      413
     J96X01X  C1997 10 12.78968 00 39 05.00 +04 02 04.4          17.2        709
     J96X01X  C1997 10 13.13317 00 38 36.63 +03 59 03.6          17.4        709
     J96X01X  C1997 10 14.16365 00 37 10.15 +03 49 57.0                      709
     J96X01X  C1997 10 14.85064 00 36 12.34 +03 43 50.6                      709
     J96X01X  C1997 10 15.53762 00 35 13.77 +03 37 44.6          17.1        709
     J96X01X  C1997 10 16.91160 00 33 19.02 +03 25 30.9                      691
     J96X01X  C1997 10 17.59858 00 32 20.39 +03 19 24.2          16.9        691
     J96X01X  C1997 10 18.97256 00 30 26.10 +03 07 12.3                      F87
     J96X01X  C1997 10 19.65954 00 29 27.92 +03 01 07.2                      691
     J96X01X  C1997 10 21.03352 00 27 34.62 +02 49 01.9                      709
     J96X01X  C1997 10 21.72050 00 26 37.40 +02 43 00.9          17.3        709
     J96X01X  C1997 10 22.06400 00 26 09.76 +02 40 01.9                      709
     J96X01X  C1997 10 22.75098 00 25 13.19 +02 34 04.0                      709
J009S         C1988 11 03.40784  4  6 18.36 +19 57 39.5                      711
J009S         C1988 11 08.69577  4  3 54.99 +19 54 12.8                      381
J009S         C1988 12 06.49400  3 50  3.61 +19 31  9.1                      381
#Weight 10
J009S         C1988 12 07.47669  3 49 35.92 +19 30 20.4                      381
J009S         C1988 12 07.54666  3 49 33.90 +19 30 17.3                      381
#default_weight
J009S         C1988 12 08.41665  3 49  9.89 +19 29 35.2                      381
J009S         C1989 01 30.17059  3 40 20.32 +19 29 31.5         x            711
J009S         C1989 02 02.46740  3 41  1.32 +19 33  3.5         x            381
J009S         C1989 02 25.08233  3 49 27.27 +20  7 27.3         x            711
J009S         C1992 03 06.09722 10 36 14.21 +10 07 54.7         x            809
J009S         C1992 03 09.08958 10 34 45.96 +10 15 32.7         x            809
J009S         C1992 04 06.11007 10 23 42.22 +11 08 42.4         x            809
J009S         C1993 01 20.50062 13 01 24.52 -04 44 48.7         x            711
J009S         C1993 03 19.21875 12 48 34.35 -02 46 07.4         x            809
J009S         C1993 03 20.23368 12 48 05.17 -02 42 37.2         x            809
J009S         C1993 03 24.19965 12 46 08.94 -02 28 48.5         x            809
J009S         C1993 03 27.39511 12 44 33.28 -02 17 38.0         x            711
J009S         C1993 03 28.32980 12 44 05.15 -02 14 21.4         x            711
J009S         C1993 04 17.30762 12 34 12.79 -01 07 59.7         x            711
     Mir      C1998 06 20.83974516 49 54.88 -35 06 41.7           2.3 V      422
     Mir      C1998 06 20.84044017 18 10.23 -36 12 36.0           1.7 V      422
     Mir      C1998 06 20.84113418 01 56.75 -36 26 11.7           1.0 V      422
     Mir      C1998 06 20.84182919 20 08.70 -33 12 40.1           0.2 V      422
     Mir      C1998 06 20.84252321 42 36.95 -15 36 43.1                      422
     Mir      C1998 06 20.843218 0 20 31.82 +16 12 24.8           0.6 V      422
     Mir      C1998 06 20.843912 1 54 34.00 +31 29 15.4           2.3 V      422
     Mir      C1998 06 20.844606 2 46 31.56 +37 39 53.7           3.5 V      422
     Mir      C1998 06 20.845301 3 19 58.23 +41 03 24.2           4.4 V      422
     Mir      C1998 06 20.845995 3 44 43.86 +43 23 50.4           5.1 V      422

