COD 568
CON S. Urakawa, Bisei Spaceguard Center, 1716-3, Okura, Bisei,
CON Ibara, 714-1411 Okayama, Japan [urakawa@spaceguard.or.jp]
OBS T. Terai, H. Sakugawa, K. Ohtsuki
MEA M. Tokodai, T. Wada, S. Urakawa
TEL 8.2-m f/2.0 reflector + CCD(HSC)
NET Pan-STARRS(PS1) DR1 catalog
ACK Subaru/HSC 

R7937         C2017 07 23.44861 21 19 48.32 -16 02 16.5          21.0 r      568
R7937         C2017 07 23.45490 21 19 47.97 -16 02 18.8          20.6 r      568
R7937         C2017 07 23.46116 21 19 47.65 -16 02 20.9          20.7 r      568
R7937         C2017 07 23.46744 21 19 47.34 -16 02 22.8          21.0 r      568
N3289         C2017 07 23.44861 21 19 36.75 -15 49 16.4          20.5 r      568
N3289         C2017 07 23.45490 21 19 36.48 -15 49 18.7          20.2 r      568
N3289         C2017 07 23.46116 21 19 36.22 -15 49 20.9          20.6 r      568
N3289         C2017 07 23.46744 21 19 35.91 -15 49 23.6          21.3 r      568
N3289         C2017 07 23.47998 21 19 35.35 -15 49 28.0          20.2 r      568
N3289         C2017 07 23.48311 21 19 35.21 -15 49 29.2          20.2 r      568
N3289         C2017 07 23.49686 21 19 34.60 -15 49 34.2          20.3 r      568
R5214         C2017 07 23.44861 21 19 33.96 -15 56 12.8          21.3 r      568
R5214         C2017 07 23.45490 21 19 33.64 -15 56 14.1          21.5 r      568
R5214         C2017 07 23.46116 21 19 33.34 -15 56 15.3          21.3 r      568
R5214         C2017 07 23.46744 21 19 33.04 -15 56 16.5          21.3 r      568
L2062         C2017 07 23.44861 21 19 22.78 -15 47 30.1          20.9 r      568
L2062         C2017 07 23.45490 21 19 22.45 -15 47 31.7          21.2 r      568
L2062         C2017 07 23.46116 21 19 22.09 -15 47 33.5          20.8 r      568
L2062         C2017 07 23.46744 21 19 21.74 -15 47 35.3          20.7 r      568
L2062         C2017 07 23.47371 21 19 21.40 -15 47 37.0          20.6 r      568
L2062         C2017 07 23.47998 21 19 21.05 -15 47 38.7          20.6 r      568
L2062         C2017 07 23.48311 21 19 20.88 -15 47 39.6          20.6 r      568
L2062         C2017 07 23.49686 21 19 20.12 -15 47 43.4          20.6 r      568
L2062         C2017 07 23.49999 21 19 19.95 -15 47 44.3          20.7 r      568
L2062         C2017 07 23.50313 21 19 19.77 -15 47 45.1          20.7 r      568
g7301         C2017 07 23.44861 21 19 42.87 -15 45 30.1          21.5 r      568
g7301         C2017 07 23.45490 21 19 42.56 -15 45 31.9          21.9 r      568
g7301         C2017 07 23.46116 21 19 42.25 -15 45 34.1          21.8 r      568
g7301         C2017 07 23.46744 21 19 41.93 -15 45 36.1          21.8 r      568
g7301         C2017 07 23.47371 21 19 41.63 -15 45 38.1          21.9 r      568
g7301         C2017 07 23.47998 21 19 41.32 -15 45 40.1          21.9 r      568
g7301         C2017 07 23.48311 21 19 41.16 -15 45 41.1          21.8 r      568
g7301         C2017 07 23.49686 21 19 40.48 -15 45 45.5          21.7 r      568
g7301         C2017 07 23.49999 21 19 40.34 -15 45 46.5          22.1 r      568
g7301         C2017 07 23.50313 21 19 40.16 -15 45 47.6          21.7 r      568
L3356         C2017 07 23.44861 21 19 42.12 -15 30 45.3          19.7 r      568
L3356         C2017 07 23.45490 21 19 41.82 -15 30 46.8          19.7 r      568
L3356         C2017 07 23.46116 21 19 41.53 -15 30 48.3          19.7 r      568
L3356         C2017 07 23.46744 21 19 41.23 -15 30 49.7          19.7 r      568
L3356         C2017 07 23.47371 21 19 40.94 -15 30 51.2          19.8 r      568
Y7392         C2017 07 23.44861 21 19 18.40 -15 26 16.3          20.6 r      568
Y7392         C2017 07 23.45490 21 19 18.13 -15 26 17.4          20.6 r      568
Y7392         C2017 07 23.46116 21 19 17.86 -15 26 18.3          20.6 r      568
Y7392         C2017 07 23.46744 21 19 17.58 -15 26 19.3          20.6 r      568
Y7392         C2017 07 23.47371 21 19 17.31 -15 26 20.3          20.6 r      568
g4808         C2017 07 23.44861 21 19 59.45 -15 35 28.2          20.6 r      568
g4808         C2017 07 23.45490 21 19 59.18 -15 35 29.9          20.7 r      568
g4808         C2017 07 23.46116 21 19 58.89 -15 35 31.6          20.8 r      568
g4808         C2017 07 23.46744 21 19 58.62 -15 35 33.2          20.7 r      568
g4808         C2017 07 23.47998 21 19 58.06 -15 35 36.5          20.6 r      568
g4808         C2017 07 23.48311 21 19 57.93 -15 35 37.4          20.6 r      568
g4808         C2017 07 23.49999 21 19 57.17 -15 35 41.9          20.9 r      568
g4808         C2017 07 23.50313 21 19 57.04 -15 35 42.6          20.6 r      568
b2719         C2017 07 23.40320 20 00 03.25 -20 52 48.8          20.6 r      568
b2719         C2017 07 23.40947 20 00 02.91 -20 52 49.6          20.6 r      568
b2719         C2017 07 23.41574 20 00 02.56 -20 52 50.3          20.7 r      568
b2719         C2017 07 23.42201 20 00 02.22 -20 52 51.2          20.7 r      568
b2719         C2017 07 23.42829 20 00 01.87 -20 52 52.1          20.6 r      568
R0699         C2017 07 23.30686 19 59 30.82 -20 51 51.3          19.8 r      568
R0699         C2017 07 23.31313 19 59 30.50 -20 51 52.3          19.7 r      568
R0699         C2017 07 23.31940 19 59 30.16 -20 51 53.3          19.8 r      568
R0699         C2017 07 23.32566 19 59 29.82 -20 51 54.2          19.8 r      568
R0699         C2017 07 23.33194 19 59 29.48 -20 51 55.1          19.7 r      568
97681         C2017 07 23.40947 19 59 18.04 -20 41 31.1          20.8 r      568
97681         C2017 07 23.41574 19 59 17.77 -20 41 31.9          20.1 r      568
97681         C2017 07 23.42201 19 59 17.45 -20 41 32.9          20.1 r      568
88449         C2017 07 23.30686 19 59 39.11 -20 27 12.2          18.0 r      568
88449         C2017 07 23.31313 19 59 38.69 -20 27 11.8          17.7 r      568
88449         C2017 07 23.32566 19 59 37.79 -20 27 11.4          17.9 r      568
Y3749         C2017 07 23.30686 19 59 48.35 -20 25 59.8          20.2 r      568
Y3749         C2017 07 23.31313 19 59 48.06 -20 26 00.8          19.8 r      568
Y3749         C2017 07 23.31940 19 59 47.74 -20 26 02.1          19.8 r      568
Y3749         C2017 07 23.33194 19 59 47.09 -20 26 04.3          19.8 r      568
G6694         C2017 07 23.30686 19 59 41.66 -20 24 11.5          19.3 r      568
G6694         C2017 07 23.31940 19 59 41.03 -20 24 15.2          19.6 r      568
G6694         C2017 07 23.32566 19 59 40.72 -20 24 17.4          19.4 r      568
G6694         C2017 07 23.33194 19 59 40.41 -20 24 19.4          19.2 r      568
H1135         C2017 07 23.41260 19 59 17.98 -20 25 21.4          19.4 r      568
H1135         C2017 07 23.41887 19 59 17.65 -20 25 22.2          19.5 r      568
H1135         C2017 07 23.42515 19 59 17.33 -20 25 22.9          19.5 r      568
H1135         C2017 07 23.43147 19 59 17.00 -20 25 23.6          19.7 r      568
V4208         C2017 07 23.41260 19 59 36.24 -20 24 38.4          20.3 r      568
V4208         C2017 07 23.41887 19 59 35.87 -20 24 40.5          20.4 r      568
V4208         C2017 07 23.42515 19 59 35.49 -20 24 42.7          20.3 r      568
V4208         C2017 07 23.43147 19 59 35.11 -20 24 44.8          20.3 r      568
V4208         C2017 07 23.43774 19 59 34.73 -20 24 47.0          20.3 r      568
     K13E64X  C2017 07 23.30686 19 59 16.45 -20 14 57.8          22.1 r      568
     K13E64X  C2017 07 23.31313 19 59 16.02 -20 14 59.0          22.0 r      568
     K13E64X  C2017 07 23.31940 19 59 15.58 -20 15 00.3          22.1 r      568
     K13E64X  C2017 07 23.32566 19 59 15.15 -20 15 01.5          22.1 r      568
     K13E64X  C2017 07 23.33194 19 59 14.74 -20 15 02.7          22.1 r      568
     K16GT9D  C2017 07 23.30686 19 59 10.16 -20 16 24.4          21.0 r      568
     K16GT9D  C2017 07 23.33194 19 59 08.86 -20 16 32.2          21.4 r      568
     K15A34R  C2017 07 23.35804 19 59 17.99 -20 36 50.8          21.2 r      568
     K15A34R  C2017 07 23.36432 19 59 17.65 -20 36 51.5          21.5 r      568
     K15A34R  C2017 07 23.37060 19 59 17.22 -20 36 52.1          21.8 r      568
     K15A34R  C2017 07 23.37688 19 59 16.89 -20 36 52.1          21.2 r      568
     K11F26M  C2017 07 23.31313 19 59 34.31 -20 34 37.3          20.8 r      568
     K11F26M  C2017 07 23.31940 19 59 34.00 -20 34 39.3          20.9 r      568
     K11F26M  C2017 07 23.32566 19 59 33.65 -20 34 41.6          20.7 r      568
     K11F26M  C2017 07 23.33194 19 59 33.34 -20 34 43.7          20.6 r      568
     K16AS2K  C2017 07 23.30686 19 59 11.01 -20 49 27.5          22.9 r      568
     K16AS2K  C2017 07 23.31940 19 59 10.26 -20 49 33.1          22.5 r      568
     K16AS2K  C2017 07 23.32566 19 59 09.93 -20 49 35.7          23.2 r      568
     K16AS2K  C2017 07 23.33194 19 59 09.55 -20 49 38.4          22.4 r      568
     K13Q98P  C2017 07 23.30686 19 59 48.15 -20 45 27.4          20.5 r      568
     K13Q98P  C2017 07 23.31313 19 59 47.80 -20 45 30.9          20.4 r      568
     K13Q98P  C2017 07 23.31940 19 59 47.43 -20 45 34.5          20.4 r      568
     K13Q98P  C2017 07 23.32566 19 59 47.07 -20 45 38.0          20.4 r      568
     K13Q98P  C2017 07 23.33194 19 59 46.71 -20 45 41.5          20.2 r      568
     K16GV2A  C2017 07 23.44861 21 19 58.40 -16 07 51.8          21.9 r      568
     K16GV2A  C2017 07 23.45490 21 19 58.08 -16 07 53.4          21.9 r      568
     K16GV2A  C2017 07 23.46116 21 19 57.77 -16 07 54.9          21.9 r      568
     K16GV2A  C2017 07 23.46744 21 19 57.44 -16 07 56.4          22.0 r      568
     K16GV2A  C2017 07 23.47371 21 19 57.13 -16 07 58.0          21.9 r      568
     K17OA0B  C2017 07 23.45490 21 19 21.16 -15 36 40.9          21.7 r      568
     K17OA0B  C2017 07 23.46116 21 19 20.80 -15 36 42.3          21.7 r      568
     K17OA0B  C2017 07 23.46744 21 19 20.45 -15 36 43.7          21.6 r      568
     K17OA0B  C2017 07 23.47998 21 19 19.75 -15 36 46.4          21.7 r      568
     K17OA0B  C2017 07 23.48311 21 19 19.57 -15 36 47.1          21.7 r      568
     K17OA0B  C2017 07 23.49686 21 19 18.80 -15 36 50.1          21.8 r      568
     K17OA0B  C2017 07 23.49999 21 19 18.62 -15 36 50.8          21.8 r      568
     K17OA0B  C2017 07 23.50313 21 19 18.44 -15 36 51.5          21.9 r      568
     H006368* C2017 07 23.36118 19 57 09.62 -20 59 51.3          23.1 r      568
     H006368  C2017 07 23.37688 19 57 08.59 -20 59 53.8          23.3 r      568
     H006368  C2017 07 23.42515 19 57 05.48 -21 00 01.0          24.0 r      568
     H006368  C2017 07 23.53807 19 56 58.32 -21 00 16.7          23.5 r      568
     H006369* C2017 07 23.36118 19 57 22.21 -21 03 06.5          23.1 r      568
     H006369  C2017 07 23.37688 19 57 21.33 -21 03 07.7          23.1 r      568
     H006369  C2017 07 23.49005 19 57 15.19 -21 03 14.3          23.4 r      568
     H006370* C2017 07 23.44861 21 20 07.96 -16 01 52.9          23.7 r      568
     H006370  C2017 07 23.45490 21 20 07.67 -16 01 54.6          24.2 r      568
     H006370  C2017 07 23.46116 21 20 07.40 -16 01 56.3          24.2 r      568
     H006370  C2017 07 23.46744 21 20 07.13 -16 01 58.1          24.4 r      568
     H006370  C2017 07 23.47371 21 20 06.87 -16 01 59.1          24.9 r      568
     H006370  C2017 07 23.47998 21 20 06.59 -16 02 01.3          24.7 r      568
     H006370  C2017 07 23.48311 21 20 06.43 -16 02 02.1          23.9 r      568
     H006370  C2017 07 23.49686 21 20 05.83 -16 02 05.8          23.6 r      568
     H006370  C2017 07 23.49999 21 20 05.69 -16 02 06.7          24.2 r      568
     H006370  C2017 07 23.50313 21 20 05.54 -16 02 07.7          24.2 r      568
     H006371* C2017 07 23.44861 21 20 07.97 -15 57 00.0          22.7 r      568
     H006371  C2017 07 23.45490 21 20 07.70 -15 57 04.6          23.0 r      568
     H006371  C2017 07 23.46116 21 20 07.43 -15 57 09.0          22.8 r      568
     H006371  C2017 07 23.46744 21 20 07.17 -15 57 13.5          22.9 r      568
     H006371  C2017 07 23.47371 21 20 06.90 -15 57 18.0          23.1 r      568
     H006372* C2017 07 23.44861 21 20 07.17 -15 53 56.8          24.3 r      568
     H006372  C2017 07 23.45490 21 20 06.87 -15 53 57.2          23.8 r      568
     H006372  C2017 07 23.46116 21 20 06.59 -15 53 57.9          24.9 r      568
     H006372  C2017 07 23.46744 21 20 06.29 -15 53 58.4          23.8 r      568
     H006372  C2017 07 23.47371 21 20 05.99 -15 53 58.8          24.8 r      568
     H006373* C2017 07 23.44861 21 20 09.68 -15 37 53.7          22.9 r      568
     H006373  C2017 07 23.45490 21 20 09.39 -15 37 55.4          22.7 r      568
     H006373  C2017 07 23.46744 21 20 08.81 -15 37 59.0          23.0 r      568
     H006373  C2017 07 23.47371 21 20 08.52 -15 38 00.7          22.8 r      568
     H006374* C2017 07 23.44861 21 20 08.60 -15 40 30.6          23.3 r      568
     H006374  C2017 07 23.45490 21 20 08.31 -15 40 32.9          23.3 r      568
     H006374  C2017 07 23.46116 21 20 08.03 -15 40 35.1          23.1 r      568
     H006374  C2017 07 23.46744 21 20 07.75 -15 40 37.3          23.1 r      568
     H006374  C2017 07 23.47371 21 20 07.50 -15 40 39.3          23.1 r      568
     H006374  C2017 07 23.47998 21 20 07.21 -15 40 41.5          23.1 r      568
     H006374  C2017 07 23.48311 21 20 07.07 -15 40 42.6          23.0 r      568
     H006374  C2017 07 23.49686 21 20 06.46 -15 40 47.4          23.1 r      568
     H006374  C2017 07 23.49999 21 20 06.32 -15 40 48.5          23.2 r      568
     H006374  C2017 07 23.50313 21 20 06.19 -15 40 49.5          22.9 r      568
     H006375* C2017 07 23.44861 21 19 18.59 -16 17 00.1          24.8 r      568
     H006375  C2017 07 23.45490 21 19 18.32 -16 17 01.5          24.4 r      568
     H006375  C2017 07 23.46116 21 19 18.05 -16 17 03.4          24.1 r      568
     H006375  C2017 07 23.46744 21 19 17.77 -16 17 05.1          24.9 r      568
     H006376* C2017 07 23.44861 21 19 21.12 -16 08 48.5          23.8 r      568
     H006376  C2017 07 23.45490 21 19 20.81 -16 08 50.0          23.8 r      568
     H006376  C2017 07 23.46116 21 19 20.50 -16 08 51.5          23.7 r      568
     H006376  C2017 07 23.46744 21 19 20.19 -16 08 52.9          23.8 r      568
     H006377* C2017 07 23.44861 21 19 52.05 -16 07 28.7          25.0 r      568
     H006377  C2017 07 23.45490 21 19 51.75 -16 07 29.1          25.0 r      568
     H006377  C2017 07 23.46116 21 19 51.47 -16 07 29.6          25.0 r      568
     H006378* C2017 07 23.44861 21 19 34.86 -16 06 08.9          22.0 r      568
     H006378  C2017 07 23.45490 21 19 34.57 -16 06 10.2          22.1 r      568
     H006378  C2017 07 23.46116 21 19 34.31 -16 06 11.3          21.9 r      568
     H006378  C2017 07 23.46744 21 19 34.04 -16 06 12.5          21.8 r      568
     H006378  C2017 07 23.47371 21 19 33.77 -16 06 13.7          21.8 r      568
     H006378  C2017 07 23.47998 21 19 33.50 -16 06 14.9          21.7 r      568
     H006378  C2017 07 23.48311 21 19 33.36 -16 06 15.5          21.7 r      568
     H006378  C2017 07 23.49686 21 19 32.77 -16 06 18.2          21.6 r      568
     H006378  C2017 07 23.49999 21 19 32.63 -16 06 18.8          21.6 r      568
     H006378  C2017 07 23.50313 21 19 32.49 -16 06 19.4          21.5 r      568
     H006379* C2017 07 23.44861 21 19 35.10 -16 06 01.5          23.6 r      568
     H006379  C2017 07 23.45490 21 19 34.81 -16 06 02.6          24.1 r      568
     H006379  C2017 07 23.46116 21 19 34.52 -16 06 03.9          23.8 r      568
     H006379  C2017 07 23.46744 21 19 34.23 -16 06 05.0          23.5 r      568
     H006379  C2017 07 23.47371 21 19 33.94 -16 06 06.2          23.9 r      568
     H006379  C2017 07 23.47998 21 19 33.65 -16 06 07.4          23.6 r      568
     H006379  C2017 07 23.48311 21 19 33.50 -16 06 08.0          23.9 r      568
     H006379  C2017 07 23.49686 21 19 32.86 -16 06 10.6          23.6 r      568
     H006379  C2017 07 23.49999 21 19 32.71 -16 06 11.1          23.5 r      568
     H006379  C2017 07 23.50313 21 19 32.56 -16 06 11.7          23.5 r      568
     H006380* C2017 07 23.44861 21 19 21.89 -16 05 05.4          24.7 r      568
     H006380  C2017 07 23.45490 21 19 21.59 -16 05 05.7          24.7 r      568
     H006380  C2017 07 23.46116 21 19 21.30 -16 05 06.0          24.4 r      568
     H006380  C2017 07 23.46744 21 19 21.01 -16 05 06.2          24.4 r      568
     H006380  C2017 07 23.47371 21 19 20.70 -16 05 06.5          24.4 r      568
     H006380  C2017 07 23.47998 21 19 20.39 -16 05 06.8          23.8 r      568
     H006380  C2017 07 23.48311 21 19 20.22 -16 05 06.8          24.0 r      568
     H006380  C2017 07 23.49686 21 19 19.55 -16 05 07.3          24.0 r      568
     H006380  C2017 07 23.49999 21 19 19.41 -16 05 07.6          24.2 r      568
     H006380  C2017 07 23.50313 21 19 19.25 -16 05 07.8          23.8 r      568
     H006381* C2017 07 23.44861 21 19 27.20 -16 04 37.1          22.3 r      568
     H006381  C2017 07 23.45490 21 19 26.85 -16 04 38.5          22.3 r      568
     H006381  C2017 07 23.46116 21 19 26.50 -16 04 39.9          22.3 r      568
     H006381  C2017 07 23.46744 21 19 26.15 -16 04 41.3          22.3 r      568
     H006381  C2017 07 23.47371 21 19 25.81 -16 04 42.7          22.1 r      568
     H006381  C2017 07 23.47998 21 19 25.46 -16 04 44.0          22.2 r      568
     H006381  C2017 07 23.48311 21 19 25.29 -16 04 44.7          22.3 r      568
     H006381  C2017 07 23.49686 21 19 24.51 -16 04 47.7          22.4 r      568
     H006381  C2017 07 23.49999 21 19 24.35 -16 04 48.4          22.2 r      568
     H006381  C2017 07 23.50313 21 19 24.18 -16 04 49.1          22.3 r      568
     H006382* C2017 07 23.45490 21 20 02.09 -15 59 53.7          23.6 r      568
     H006382  C2017 07 23.46116 21 20 01.81 -15 59 55.3          24.0 r      568
     H006382  C2017 07 23.46744 21 20 01.51 -15 59 56.8          23.9 r      568
     H006382  C2017 07 23.47371 21 20 01.20 -15 59 58.7          23.2 r      568
     H006382  C2017 07 23.47998 21 20 00.93 -16 00 00.1          23.4 r      568
     H006382  C2017 07 23.48311 21 20 00.76 -16 00 01.1          23.5 r      568
     H006382  C2017 07 23.49686 21 20 00.12 -16 00 04.5          23.6 r      568
     H006382  C2017 07 23.49999 21 19 59.97 -16 00 05.4          23.7 r      568
     H006382  C2017 07 23.50313 21 19 59.82 -16 00 06.2          23.7 r      568
     H006383* C2017 07 23.44861 21 19 24.16 -16 03 18.4          24.6 r      568
     H006383  C2017 07 23.45490 21 19 23.83 -16 03 19.6          24.3 r      568
     H006383  C2017 07 23.46116 21 19 23.49 -16 03 21.0          24.0 r      568
     H006383  C2017 07 23.46744 21 19 23.16 -16 03 22.5          24.1 r      568
     H006383  C2017 07 23.47998 21 19 22.48 -16 03 25.4          23.6 r      568
     H006383  C2017 07 23.48311 21 19 22.30 -16 03 26.1          24.2 r      568
     H006383  C2017 07 23.49686 21 19 21.56 -16 03 29.3          24.2 r      568
     H006383  C2017 07 23.49999 21 19 21.41 -16 03 30.0          23.7 r      568
     H006383  C2017 07 23.50313 21 19 21.21 -16 03 30.7          24.9 r      568
     H006384* C2017 07 23.44861 21 20 04.81 -16 00 19.5          24.2 r      568
     H006384  C2017 07 23.45490 21 20 04.55 -16 00 20.7          24.0 r      568
     H006384  C2017 07 23.46116 21 20 04.26 -16 00 22.1          24.3 r      568
     H006384  C2017 07 23.46744 21 20 03.98 -16 00 23.3          23.9 r      568
     H006384  C2017 07 23.47371 21 20 03.73 -16 00 24.5          24.0 r      568
     H006384  C2017 07 23.47998 21 20 03.46 -16 00 25.7          24.1 r      568
     H006384  C2017 07 23.48311 21 20 03.32 -16 00 26.4          24.3 r      568
     H006384  C2017 07 23.49999 21 20 02.60 -16 00 29.7          24.0 r      568
     H006384  C2017 07 23.50313 21 20 02.44 -16 00 30.2          23.7 r      568
     H006385* C2017 07 23.44861 21 19 26.53 -16 03 26.7          23.5 r      568
     H006385  C2017 07 23.45490 21 19 26.24 -16 03 28.5          23.3 r      568
     H006385  C2017 07 23.46116 21 19 25.95 -16 03 30.4          23.5 r      568
     H006385  C2017 07 23.46744 21 19 25.65 -16 03 32.2          23.5 r      568
     H006385  C2017 07 23.47371 21 19 25.35 -16 03 34.2          23.4 r      568
     H006385  C2017 07 23.47998 21 19 25.05 -16 03 36.1          23.3 r      568
     H006385  C2017 07 23.48311 21 19 24.88 -16 03 37.1          23.7 r      568
     H006385  C2017 07 23.49686 21 19 24.24 -16 03 41.2          23.5 r      568
     H006385  C2017 07 23.49999 21 19 24.13 -16 03 42.0          23.6 r      568
     H006385  C2017 07 23.50313 21 19 23.94 -16 03 43.1          23.3 r      568
     H006386* C2017 07 23.44861 21 19 26.48 -16 06 00.0          24.2 r      568
     H006386  C2017 07 23.45490 21 19 26.22 -16 06 01.9          24.2 r      568
     H006386  C2017 07 23.46116 21 19 25.96 -16 06 03.7          24.3 r      568
     H006386  C2017 07 23.46744 21 19 25.68 -16 06 05.8          24.0 r      568
     H006387* C2017 07 23.44861 21 19 54.66 -16 04 50.2          24.6 r      568
     H006387  C2017 07 23.45490 21 19 54.37 -16 04 51.7          24.0 r      568
     H006387  C2017 07 23.46116 21 19 54.10 -16 04 53.1          24.3 r      568
     H006387  C2017 07 23.47371 21 19 53.55 -16 04 56.0          24.5 r      568
     H006387  C2017 07 23.47998 21 19 53.31 -16 04 57.4          24.0 r      568
     H006387  C2017 07 23.48311 21 19 53.15 -16 04 58.3          24.1 r      568
     H006387  C2017 07 23.49686 21 19 52.54 -16 05 01.5          24.8 r      568
     H006387  C2017 07 23.49999 21 19 52.40 -16 05 02.3          24.4 r      568
     H006387  C2017 07 23.50313 21 19 52.26 -16 05 03.0          23.9 r      568
     H006388* C2017 07 23.44861 21 19 25.37 -15 50 05.4          23.7 r      568
     H006388  C2017 07 23.45490 21 19 25.09 -15 50 07.5          23.7 r      568
     H006388  C2017 07 23.46116 21 19 24.80 -15 50 09.6          23.4 r      568
     H006388  C2017 07 23.46744 21 19 24.55 -15 50 11.5          24.2 r      568
     H006388  C2017 07 23.47371 21 19 24.24 -15 50 13.7          23.1 r      568
     H006388  C2017 07 23.47998 21 19 23.96 -15 50 15.7          23.2 r      568
     H006388  C2017 07 23.48311 21 19 23.83 -15 50 16.8          23.3 r      568
     H006388  C2017 07 23.49686 21 19 23.21 -15 50 21.3          23.2 r      568
     H006388  C2017 07 23.49999 21 19 23.06 -15 50 22.3          23.1 r      568
     H006388  C2017 07 23.50313 21 19 22.93 -15 50 23.4          23.3 r      568
     H006389* C2017 07 23.44861 21 19 23.98 -15 50 18.7          22.4 r      568
     H006389  C2017 07 23.45490 21 19 23.72 -15 50 21.7          22.3 r      568
     H006389  C2017 07 23.46116 21 19 23.47 -15 50 24.5          22.3 r      568
     H006389  C2017 07 23.46744 21 19 23.21 -15 50 27.5          22.4 r      568
     H006389  C2017 07 23.47371 21 19 22.96 -15 50 30.4          22.5 r      568
     H006389  C2017 07 23.47998 21 19 22.71 -15 50 33.3          22.4 r      568
     H006389  C2017 07 23.48311 21 19 22.59 -15 50 34.8          22.4 r      568
     H006389  C2017 07 23.49686 21 19 22.04 -15 50 41.1          22.5 r      568
     H006389  C2017 07 23.50313 21 19 21.77 -15 50 44.2          22.7 r      568
     H006390* C2017 07 23.44861 21 19 43.46 -15 50 28.8          24.1 r      568
     H006390  C2017 07 23.45490 21 19 43.15 -15 50 28.8          24.0 r      568
     H006390  C2017 07 23.46116 21 19 42.84 -15 50 28.9          23.8 r      568
     H006390  C2017 07 23.46744 21 19 42.53 -15 50 28.9          23.8 r      568
     H006390  C2017 07 23.47371 21 19 42.22 -15 50 29.0          23.6 r      568
     H006390  C2017 07 23.47998 21 19 41.89 -15 50 29.0          24.3 r      568
     H006390  C2017 07 23.48311 21 19 41.74 -15 50 29.0          24.0 r      568
     H006390  C2017 07 23.49686 21 19 41.06 -15 50 29.1          24.0 r      568
     H006390  C2017 07 23.49999 21 19 40.91 -15 50 29.1          24.0 r      568
     H006390  C2017 07 23.50313 21 19 40.76 -15 50 29.1          24.3 r      568
     H006391* C2017 07 23.44861 21 19 44.39 -15 51 28.9          24.1 r      568
     H006391  C2017 07 23.45490 21 19 44.16 -15 51 33.5          24.2 r      568
     H006391  C2017 07 23.46116 21 19 43.94 -15 51 37.8          23.9 r      568
     H006391  C2017 07 23.46744 21 19 43.71 -15 51 42.2          23.8 r      568
     H006391  C2017 07 23.47371 21 19 43.48 -15 51 46.6          23.6 r      568
     H006391  C2017 07 23.47998 21 19 43.25 -15 51 51.1          23.5 r      568
     H006391  C2017 07 23.48311 21 19 43.14 -15 51 53.1          23.7 r      568
     H006391  C2017 07 23.49686 21 19 42.66 -15 52 02.7          24.0 r      568
     H006391  C2017 07 23.49999 21 19 42.51 -15 52 05.5          24.4 r      568
     H006391  C2017 07 23.50313 21 19 42.41 -15 52 07.2          23.5 r      568
     H006392* C2017 07 23.44861 21 19 21.85 -15 52 21.8          23.2 r      568
     H006392  C2017 07 23.45490 21 19 22.21 -15 52 23.4          23.5 r      568
     H006392  C2017 07 23.46116 21 19 22.56 -15 52 24.9          23.5 r      568
     H006392  C2017 07 23.46744 21 19 22.91 -15 52 26.4          23.2 r      568
     H006392  C2017 07 23.47371 21 19 23.27 -15 52 28.0          23.2 r      568
     H006392  C2017 07 23.47998 21 19 23.64 -15 52 29.5          23.5 r      568
     H006392  C2017 07 23.48311 21 19 23.79 -15 52 30.2          23.3 r      568
     H006392  C2017 07 23.49686 21 19 24.57 -15 52 33.3          23.1 r      568
     H006392  C2017 07 23.49999 21 19 24.73 -15 52 34.0          23.0 r      568
     H006392  C2017 07 23.50313 21 19 24.92 -15 52 34.8          23.3 r      568
     H006393* C2017 07 23.44861 21 19 21.27 -15 48 15.6          23.9 r      568
     H006393  C2017 07 23.45490 21 19 20.97 -15 48 17.4          24.0 r      568
     H006393  C2017 07 23.46116 21 19 20.70 -15 48 19.0          24.3 r      568
     H006393  C2017 07 23.46744 21 19 20.41 -15 48 20.7          24.3 r      568
     H006393  C2017 07 23.47371 21 19 20.14 -15 48 22.3          24.6 r      568
     H006393  C2017 07 23.47998 21 19 19.85 -15 48 24.0          24.6 r      568
     H006393  C2017 07 23.49999 21 19 18.96 -15 48 29.2          23.9 r      568
     H006393  C2017 07 23.50313 21 19 18.80 -15 48 30.0          24.2 r      568
     H006394* C2017 07 23.44861 21 19 51.49 -15 47 11.4          22.9 r      568
     H006394  C2017 07 23.45490 21 19 51.19 -15 47 12.8          22.8 r      568
     H006394  C2017 07 23.46116 21 19 50.90 -15 47 14.3          22.8 r      568
     H006394  C2017 07 23.46744 21 19 50.60 -15 47 15.7          22.7 r      568
     H006394  C2017 07 23.47371 21 19 50.31 -15 47 17.1          22.7 r      568
     H006394  C2017 07 23.47998 21 19 50.01 -15 47 18.6          22.7 r      568
     H006394  C2017 07 23.48311 21 19 49.86 -15 47 19.3          22.6 r      568
     H006394  C2017 07 23.49686 21 19 49.21 -15 47 22.5          22.8 r      568
     H006394  C2017 07 23.49999 21 19 49.07 -15 47 23.1          22.7 r      568
     H006394  C2017 07 23.50313 21 19 48.91 -15 47 23.9          22.8 r      568
     H006395* C2017 07 23.44861 21 19 46.48 -15 45 36.3          23.8 r      568
     H006395  C2017 07 23.45490 21 19 46.19 -15 45 38.0          23.9 r      568
     H006395  C2017 07 23.46116 21 19 45.90 -15 45 39.7          23.6 r      568
     H006395  C2017 07 23.46744 21 19 45.63 -15 45 41.3          24.4 r      568
     H006395  C2017 07 23.47371 21 19 45.35 -15 45 42.9          24.1 r      568
     H006395  C2017 07 23.47998 21 19 45.07 -15 45 44.5          24.1 r      568
     H006395  C2017 07 23.48311 21 19 44.93 -15 45 45.3          23.7 r      568
     H006395  C2017 07 23.49686 21 19 44.34 -15 45 48.8          23.8 r      568
     H006395  C2017 07 23.50313 21 19 44.04 -15 45 50.4          23.6 r      568
     H006396* C2017 07 23.44861 21 19 47.03 -15 44 42.5          23.0 r      568
     H006396  C2017 07 23.45490 21 19 46.77 -15 44 44.8          22.8 r      568
     H006396  C2017 07 23.46116 21 19 46.48 -15 44 47.3          23.2 r      568
     H006396  C2017 07 23.46744 21 19 46.22 -15 44 49.4          23.2 r      568
     H006396  C2017 07 23.47371 21 19 45.95 -15 44 51.7          22.7 r      568
     H006397* C2017 07 23.44861 21 19 45.07 -15 44 26.6          22.5 r      568
     H006397  C2017 07 23.45490 21 19 44.78 -15 44 27.7          22.6 r      568
     H006397  C2017 07 23.46116 21 19 44.48 -15 44 28.8          22.5 r      568
     H006397  C2017 07 23.46744 21 19 44.19 -15 44 30.0          22.7 r      568
     H006397  C2017 07 23.47371 21 19 43.90 -15 44 31.0          22.6 r      568
     H006397  C2017 07 23.47998 21 19 43.60 -15 44 32.2          22.5 r      568
     H006397  C2017 07 23.48311 21 19 43.46 -15 44 32.7          22.7 r      568
     H006397  C2017 07 23.49686 21 19 42.82 -15 44 35.1          22.6 r      568
     H006397  C2017 07 23.49999 21 19 42.68 -15 44 35.6          22.7 r      568
     H006397  C2017 07 23.50313 21 19 42.53 -15 44 36.2          22.7 r      568
     H006398* C2017 07 23.44861 21 19 55.74 -15 42 20.7          24.5 r      568
     H006398  C2017 07 23.45490 21 19 55.43 -15 42 21.9          24.3 r      568
     H006398  C2017 07 23.46116 21 19 55.16 -15 42 22.9          24.5 r      568
     H006398  C2017 07 23.46744 21 19 54.84 -15 42 24.2          25.1 r      568
     H006398  C2017 07 23.47371 21 19 54.56 -15 42 25.5          24.7 r      568
     H006399* C2017 07 23.44861 21 19 43.48 -15 42 05.9          23.0 r      568
     H006399  C2017 07 23.45490 21 19 43.17 -15 42 07.8          23.1 r      568
     H006399  C2017 07 23.46116 21 19 42.87 -15 42 09.8          22.7 r      568
     H006399  C2017 07 23.46744 21 19 42.59 -15 42 11.4          23.8 r      568
     H006399  C2017 07 23.47371 21 19 42.26 -15 42 13.7          23.1 r      568
     H006400* C2017 07 23.44861 21 19 45.52 -15 39 53.7          22.9 r      568
     H006400  C2017 07 23.45490 21 19 45.24 -15 39 55.1          22.7 r      568
     H006400  C2017 07 23.46116 21 19 44.98 -15 39 56.6          22.8 r      568
     H006400  C2017 07 23.46744 21 19 44.69 -15 39 58.1          22.9 r      568
     H006400  C2017 07 23.47371 21 19 44.43 -15 39 59.5          22.7 r      568
     H006400  C2017 07 23.47998 21 19 44.15 -15 40 00.9          22.6 r      568
     H006400  C2017 07 23.48311 21 19 44.02 -15 40 01.7          22.7 r      568
     H006400  C2017 07 23.49686 21 19 43.41 -15 40 04.9          22.7 r      568
     H006400  C2017 07 23.49999 21 19 43.28 -15 40 05.6          22.7 r      568
     H006400  C2017 07 23.50313 21 19 43.14 -15 40 06.3          22.8 r      568
     H006401* C2017 07 23.44861 21 19 44.31 -15 41 37.9          24.0 r      568
     H006401  C2017 07 23.45490 21 19 44.03 -15 41 40.1          24.2 r      568
     H006401  C2017 07 23.46116 21 19 43.79 -15 41 42.3          24.5 r      568
     H006401  C2017 07 23.46744 21 19 43.50 -15 41 44.6          24.9 r      568
     H006401  C2017 07 23.47371 21 19 43.23 -15 41 46.7          24.2 r      568
     H006401  C2017 07 23.47998 21 19 42.94 -15 41 49.1          24.2 r      568
     H006401  C2017 07 23.48311 21 19 42.80 -15 41 50.2          24.3 r      568
     H006401  C2017 07 23.49686 21 19 42.20 -15 41 55.1          24.8 r      568
     H006401  C2017 07 23.49999 21 19 42.05 -15 41 56.3          24.2 r      568
     H006402* C2017 07 23.44861 21 20 02.15 -15 41 34.8          23.7 r      568
     H006402  C2017 07 23.45490 21 20 01.81 -15 41 36.4          24.3 r      568
     H006402  C2017 07 23.46116 21 20 01.47 -15 41 38.1          23.5 r      568
     H006402  C2017 07 23.46744 21 20 01.13 -15 41 39.7          23.8 r      568
     H006402  C2017 07 23.47371 21 20 00.80 -15 41 41.4          23.7 r      568
     H006402  C2017 07 23.47998 21 20 00.44 -15 41 43.2          23.9 r      568
     H006402  C2017 07 23.48311 21 20 00.26 -15 41 44.1          24.1 r      568
     H006402  C2017 07 23.49686 21 19 59.52 -15 41 47.7          23.7 r      568
     H006402  C2017 07 23.50313 21 19 59.18 -15 41 49.4          23.9 r      568
     H006403* C2017 07 23.44861 21 19 22.62 -15 41 37.1          22.6 r      568
     H006403  C2017 07 23.45490 21 19 22.32 -15 41 38.8          22.4 r      568
     H006403  C2017 07 23.46116 21 19 22.04 -15 41 40.5          22.8 r      568
     H006403  C2017 07 23.46744 21 19 21.74 -15 41 42.2          22.6 r      568
     H006403  C2017 07 23.47371 21 19 21.45 -15 41 43.9          22.5 r      568
     H006403  C2017 07 23.47998 21 19 21.16 -15 41 45.6          22.5 r      568
     H006403  C2017 07 23.48311 21 19 21.01 -15 41 46.5          22.4 r      568
     H006403  C2017 07 23.49686 21 19 20.37 -15 41 50.2          22.5 r      568
     H006403  C2017 07 23.49999 21 19 20.23 -15 41 51.0          22.4 r      568
     H006403  C2017 07 23.50313 21 19 20.08 -15 41 51.9          22.5 r      568
     H006404* C2017 07 23.45490 21 20 00.65 -15 36 25.3          21.2 r      568
     H006404  C2017 07 23.46116 21 20 00.32 -15 36 23.5          21.2 r      568
     H006404  C2017 07 23.46744 21 19 59.98 -15 36 21.7          21.1 r      568
     H006404  C2017 07 23.47371 21 19 59.64 -15 36 19.9          21.1 r      568
     H006404  C2017 07 23.47998 21 19 59.30 -15 36 18.1          21.1 r      568
     H006404  C2017 07 23.48311 21 19 59.14 -15 36 17.1          21.2 r      568
     H006404  C2017 07 23.49686 21 19 58.40 -15 36 13.2          21.2 r      568
     H006404  C2017 07 23.49999 21 19 58.23 -15 36 12.3          21.2 r      568
     H006404  C2017 07 23.50313 21 19 58.06 -15 36 11.3          21.3 r      568
     H006405* C2017 07 23.44861 21 19 50.54 -15 32 37.5          23.6 r      568
     H006405  C2017 07 23.45490 21 19 50.24 -15 32 39.4          23.4 r      568
     H006405  C2017 07 23.46116 21 19 49.99 -15 32 41.4          23.7 r      568
     H006405  C2017 07 23.46744 21 19 49.74 -15 32 43.4          23.8 r      568
     H006405  C2017 07 23.47371 21 19 49.49 -15 32 45.4          24.0 r      568
     H006405  C2017 07 23.47998 21 19 49.23 -15 32 47.4          23.7 r      568
     H006405  C2017 07 23.48311 21 19 49.11 -15 32 48.4          23.5 r      568
     H006405  C2017 07 23.49686 21 19 48.55 -15 32 52.7          23.8 r      568
     H006405  C2017 07 23.49999 21 19 48.42 -15 32 53.7          23.6 r      568
     H006405  C2017 07 23.50313 21 19 48.29 -15 32 54.7          24.0 r      568
     H006406* C2017 07 23.44861 21 19 18.89 -15 32 15.4          24.2 r      568
     H006406  C2017 07 23.45490 21 19 18.57 -15 32 16.4          24.0 r      568
     H006406  C2017 07 23.46116 21 19 18.28 -15 32 17.6          24.3 r      568
     H006406  C2017 07 23.46744 21 19 17.95 -15 32 18.6          24.0 r      568
     H006406  C2017 07 23.47371 21 19 17.66 -15 32 19.7          24.4 r      568
     H006407* C2017 07 23.45490 21 19 46.68 -15 26 23.5          22.2 r      568
     H006407  C2017 07 23.46116 21 19 46.39 -15 26 25.0          22.4 r      568
     H006407  C2017 07 23.46744 21 19 46.08 -15 26 26.6          22.4 r      568
     H006407  C2017 07 23.47371 21 19 45.79 -15 26 28.2          22.5 r      568
     H006407  C2017 07 23.47998 21 19 45.49 -15 26 29.8          22.3 r      568
     H006407  C2017 07 23.48311 21 19 45.34 -15 26 30.5          22.4 r      568
     H006407  C2017 07 23.49686 21 19 44.69 -15 26 34.0          22.3 r      568
     H006407  C2017 07 23.49999 21 19 44.54 -15 26 34.8          22.2 r      568
     H006407  C2017 07 23.50313 21 19 44.40 -15 26 35.5          22.3 r      568
     H006408* C2017 07 23.44861 21 19 57.32 -15 34 42.4          23.5 r      568
     H006408  C2017 07 23.45490 21 19 57.02 -15 34 43.6          23.5 r      568
     H006408  C2017 07 23.46116 21 19 56.74 -15 34 44.7          23.3 r      568
     H006408  C2017 07 23.47371 21 19 56.15 -15 34 47.1          23.6 r      568
     H006408  C2017 07 23.47998 21 19 55.86 -15 34 48.2          23.3 r      568
     H006408  C2017 07 23.48311 21 19 55.71 -15 34 48.8          23.2 r      568
     H006408  C2017 07 23.49686 21 19 55.08 -15 34 51.2          23.4 r      568
     H006408  C2017 07 23.49999 21 19 54.94 -15 34 51.7          23.3 r      568
     H006408  C2017 07 23.50313 21 19 54.79 -15 34 52.3          23.4 r      568
     H006409* C2017 07 23.44861 21 19 46.23 -15 27 57.0          24.7 r      568
     H006409  C2017 07 23.46744 21 19 45.85 -15 28 05.9          24.7 r      568
     H006409  C2017 07 23.47371 21 19 45.71 -15 28 09.0          24.4 r      568
     H006410* C2017 07 23.44861 21 19 19.87 -15 24 41.8          24.1 r      568
     H006410  C2017 07 23.45490 21 19 19.62 -15 24 45.2          24.5 r      568
     H006410  C2017 07 23.46116 21 19 19.36 -15 24 48.9          23.6 r      568
     H006410  C2017 07 23.46744 21 19 19.11 -15 24 52.4          24.1 r      568
     H006410  C2017 07 23.47371 21 19 18.86 -15 24 56.0          23.6 r      568
     H006410  C2017 07 23.47998 21 19 18.60 -15 24 59.7          24.5 r      568
     H006410  C2017 07 23.48311 21 19 18.47 -15 25 01.4          24.2 r      568
     H006410  C2017 07 23.49686 21 19 17.92 -15 25 09.3          24.1 r      568
     H006410  C2017 07 23.49999 21 19 17.78 -15 25 11.2          23.9 r      568
     H006410  C2017 07 23.50313 21 19 17.66 -15 25 12.9          23.8 r      568
     H006411* C2017 07 23.44861 21 19 23.82 -15 24 31.8          22.8 r      568
     H006411  C2017 07 23.45490 21 19 23.56 -15 24 34.3          22.6 r      568
     H006411  C2017 07 23.46116 21 19 23.30 -15 24 36.8          22.7 r      568
     H006411  C2017 07 23.46744 21 19 23.03 -15 24 39.2          22.5 r      568
     H006411  C2017 07 23.47371 21 19 22.77 -15 24 41.7          22.6 r      568
     H006411  C2017 07 23.47998 21 19 22.52 -15 24 44.1          22.6 r      568
     H006411  C2017 07 23.48311 21 19 22.39 -15 24 45.1          23.1 r      568
     H006411  C2017 07 23.49686 21 19 21.82 -15 24 50.8          22.7 r      568
     H006411  C2017 07 23.49999 21 19 21.68 -15 24 52.0          22.6 r      568
     H006411  C2017 07 23.50313 21 19 21.55 -15 24 53.3          22.7 r      568
     H006412* C2017 07 23.44861 21 19 43.78 -15 23 52.3          23.4 r      568
     H006412  C2017 07 23.45490 21 19 43.41 -15 23 53.5          23.5 r      568
     H006412  C2017 07 23.46116 21 19 43.12 -15 23 54.4          23.1 r      568
     H006412  C2017 07 23.46744 21 19 42.78 -15 23 55.5          22.8 r      568
     H006412  C2017 07 23.47371 21 19 42.43 -15 23 56.5          23.1 r      568
     H006412  C2017 07 23.47998 21 19 42.11 -15 23 57.5          23.3 r      568
     H006412  C2017 07 23.48311 21 19 41.96 -15 23 58.0          23.2 r      568
     H006412  C2017 07 23.49686 21 19 41.20 -15 24 00.3          23.0 r      568
     H006412  C2017 07 23.49999 21 19 41.04 -15 24 00.8          22.8 r      568
     H006412  C2017 07 23.50313 21 19 40.87 -15 24 01.3          23.0 r      568
     H006413* C2017 07 23.44861 21 19 20.32 -15 25 12.4          22.1 r      568
     H006413  C2017 07 23.45490 21 19 20.04 -15 25 13.2          22.1 r      568
     H006413  C2017 07 23.46744 21 19 19.46 -15 25 14.8          22.1 r      568
     H006413  C2017 07 23.47371 21 19 19.19 -15 25 15.7          22.3 r      568
     H006413  C2017 07 23.47998 21 19 18.89 -15 25 16.4          22.1 r      568
     H006413  C2017 07 23.48311 21 19 18.74 -15 25 16.8          22.0 r      568
     H006413  C2017 07 23.49686 21 19 18.12 -15 25 18.4          22.5 r      568
     H006414* C2017 07 23.44861 21 19 38.82 -15 22 46.2          24.8 r      568
     H006414  C2017 07 23.46744 21 19 38.08 -15 22 50.4          24.4 r      568
     H006414  C2017 07 23.47371 21 19 37.79 -15 22 52.0          24.4 r      568
     H006415* C2017 07 23.47998 21 20 06.63 -15 57 22.6          22.9 r      568
     H006415  C2017 07 23.48311 21 20 06.50 -15 57 24.7          23.1 r      568
     H006415  C2017 07 23.49686 21 20 05.92 -15 57 34.6          22.7 r      568
     H006415  C2017 07 23.49999 21 20 05.80 -15 57 36.7          22.8 r      568
     H006415  C2017 07 23.50313 21 20 05.65 -15 57 39.0          22.9 r      568
     H006416* C2017 07 23.47998 21 19 18.96 -16 05 58.2          24.7 r      568
     H006416  C2017 07 23.49686 21 19 18.21 -16 06 00.0          24.2 r      568
     H006416  C2017 07 23.49999 21 19 18.07 -16 06 00.2          24.6 r      568
     H006416  C2017 07 23.50313 21 19 17.93 -16 06 00.6          25.1 r      568
     H006418* C2017 07 23.47998 21 19 57.97 -15 51 05.0          24.6 r      568
     H006418  C2017 07 23.48311 21 19 57.81 -15 51 05.7          24.0 r      568
     H006418  C2017 07 23.49686 21 19 57.20 -15 51 08.9          24.3 r      568
     H006418  C2017 07 23.50313 21 19 56.92 -15 51 10.4          24.9 r      568
     H006419* C2017 07 23.48311 21 19 57.31 -15 34 35.3          24.0 r      568
     H006419  C2017 07 23.49686 21 19 56.67 -15 34 39.1          24.5 r      568
     H006419  C2017 07 23.49999 21 19 56.53 -15 34 40.0          24.6 r      568
     H006420* C2017 07 23.47998 21 19 28.06 -15 34 14.8          24.9 r      568
     H006420  C2017 07 23.49686 21 19 27.27 -15 34 14.9          24.7 r      568
     H006420  C2017 07 23.49999 21 19 27.09 -15 34 15.0          24.5 r      568
     H006420  C2017 07 23.50313 21 19 26.95 -15 34 15.0          24.1 r      568
     H006421* C2017 07 23.47998 21 19 42.98 -15 28 01.8          24.6 r      568
     H006421  C2017 07 23.48311 21 19 42.82 -15 28 03.1          24.8 r      568
     H006421  C2017 07 23.49999 21 19 41.99 -15 28 08.6          24.6 r      568
     H006422* C2017 07 23.47998 21 19 28.57 -15 35 45.5          24.1 r      568
     H006422  C2017 07 23.49686 21 19 27.67 -15 35 46.6          23.9 r      568
     H006422  C2017 07 23.49999 21 19 27.55 -15 35 46.8          23.6 r      568
     H006422  C2017 07 23.50313 21 19 27.40 -15 35 47.0          23.8 r      568
     H006423* C2017 07 23.47998 21 19 45.27 -15 22 36.5          21.4 r      568
     H006423  C2017 07 23.48311 21 19 45.13 -15 22 37.0          21.4 r      568
     H006423  C2017 07 23.49686 21 19 44.52 -15 22 39.1          21.4 r      568
     H006423  C2017 07 23.49999 21 19 44.37 -15 22 39.6          21.4 r      568
     H006423  C2017 07 23.50313 21 19 44.23 -15 22 40.1          21.4 r      568
     H006424* C2017 07 23.35804 20 00 08.67 -20 47 45.7          22.1 r      568
     H006424  C2017 07 23.36432 20 00 08.38 -20 47 48.0          21.9 r      568
     H006424  C2017 07 23.37060 20 00 08.05 -20 47 50.7          21.8 r      568
     H006424  C2017 07 23.37688 20 00 07.75 -20 47 53.1          21.8 r      568
     H006424  C2017 07 23.38314 20 00 07.46 -20 47 55.9          22.4 r      568
     H006425* C2017 07 23.35804 19 59 58.55 -20 49 27.2          23.7 r      568
     H006425  C2017 07 23.36432 19 59 58.22 -20 49 28.0          23.6 r      568
     H006425  C2017 07 23.37060 19 59 57.90 -20 49 28.9          23.4 r      568
     H006425  C2017 07 23.38314 19 59 57.31 -20 49 30.6          23.7 r      568
     H006426* C2017 07 23.30686 20 00 00.37 -20 35 55.6          23.4 r      568
     H006426  C2017 07 23.31313 20 00 00.00 -20 35 56.7          23.6 r      568
     H006426  C2017 07 23.31940 19 59 59.60 -20 35 57.9          23.0 r      568
     H006426  C2017 07 23.32566 19 59 59.22 -20 35 59.0          23.4 r      568
     H006426  C2017 07 23.33194 19 59 58.81 -20 36 00.2          23.3 r      568
     H006427* C2017 07 23.30686 20 00 01.29 -20 37 24.7          23.3 r      568
     H006427  C2017 07 23.31313 20 00 00.91 -20 37 30.1          23.0 r      568
     H006427  C2017 07 23.31940 20 00 00.53 -20 37 35.2          23.1 r      568
     H006428* C2017 07 23.40320 20 00 05.01 -20 39 25.7          24.1 r      568
     H006428  C2017 07 23.40947 20 00 04.67 -20 39 27.6          24.3 r      568
     H006428  C2017 07 23.41574 20 00 04.37 -20 39 29.5          23.9 r      568
     H006428  C2017 07 23.42201 20 00 04.02 -20 39 31.6          24.0 r      568
     H006428  C2017 07 23.42829 20 00 03.69 -20 39 33.7          23.7 r      568
     H006429* C2017 07 23.40320 20 00 04.94 -20 35 07.1          24.3 r      568
     H006429  C2017 07 23.40947 20 00 04.62 -20 35 07.7          23.7 r      568
     H006429  C2017 07 23.41574 20 00 04.30 -20 35 07.8          23.9 r      568
     H006429  C2017 07 23.42201 20 00 03.89 -20 35 08.3          24.1 r      568
     H006429  C2017 07 23.42829 20 00 03.58 -20 35 08.5          23.7 r      568
     H006430* C2017 07 23.26654 19 59 13.86 -21 14 33.7          21.4 r      568
     H006430  C2017 07 23.27281 19 59 13.48 -21 14 34.0          21.3 r      568
     H006430  C2017 07 23.27909 19 59 13.09 -21 14 34.4          21.4 r      568
     H006430  C2017 07 23.28537 19 59 12.72 -21 14 34.5          21.3 r      568
     H006431* C2017 07 23.27281 19 59 16.64 -21 08 42.5          23.9 r      568
     H006431  C2017 07 23.27909 19 59 16.21 -21 08 43.8          23.6 r      568
     H006431  C2017 07 23.28537 19 59 15.86 -21 08 44.4          23.2 r      568
     H006431  C2017 07 23.29164 19 59 15.49 -21 08 45.1          22.8 r      568
     H006432* C2017 07 23.30686 19 59 33.36 -21 05 55.9          23.4 r      568
     H006432  C2017 07 23.31313 19 59 33.02 -21 05 57.3          23.2 r      568
     H006432  C2017 07 23.31940 19 59 32.68 -21 05 59.0          23.3 r      568
     H006432  C2017 07 23.32566 19 59 32.34 -21 06 00.3          23.3 r      568
     H006432  C2017 07 23.33194 19 59 32.02 -21 06 01.7          23.6 r      568
     H006433* C2017 07 23.30686 19 59 28.53 -21 10 42.9          23.1 r      568
     H006433  C2017 07 23.31940 19 59 27.78 -21 10 45.7          22.4 r      568
     H006433  C2017 07 23.32566 19 59 27.44 -21 10 47.2          22.5 r      568
     H006434* C2017 07 23.40320 19 59 19.02 -21 07 30.7          22.7 r      568
     H006434  C2017 07 23.40947 19 59 18.68 -21 07 32.5          22.8 r      568
     H006434  C2017 07 23.41574 19 59 18.34 -21 07 34.3          22.8 r      568
     H006434  C2017 07 23.42201 19 59 17.98 -21 07 36.3          22.7 r      568
     H006434  C2017 07 23.42829 19 59 17.64 -21 07 38.1          22.7 r      568
     H006435* C2017 07 23.30686 19 59 27.45 -20 53 56.1          22.3 r      568
     H006435  C2017 07 23.31313 19 59 27.04 -20 53 56.5          22.4 r      568
     H006435  C2017 07 23.31940 19 59 26.60 -20 53 57.2          22.2 r      568
     H006435  C2017 07 23.32566 19 59 26.18 -20 53 57.6          22.2 r      568
     H006435  C2017 07 23.33194 19 59 25.76 -20 53 58.2          22.3 r      568
     H006436* C2017 07 23.30686 19 59 30.40 -20 55 39.9          21.8 r      568
     H006436  C2017 07 23.31313 19 59 29.99 -20 55 40.7          22.0 r      568
     H006436  C2017 07 23.31940 19 59 29.57 -20 55 42.0          21.8 r      568
     H006436  C2017 07 23.32566 19 59 29.16 -20 55 42.7          22.7 r      568
     H006437* C2017 07 23.30686 19 59 36.90 -21 00 13.8          23.9 r      568
     H006437  C2017 07 23.31940 19 59 36.18 -21 00 15.1          23.8 r      568
     H006437  C2017 07 23.33194 19 59 35.41 -21 00 17.2          23.2 r      568
     H006438* C2017 07 23.30686 19 59 40.45 -20 53 16.8          23.9 r      568
     H006438  C2017 07 23.31313 19 59 40.11 -20 53 18.3          23.1 r      568
     H006438  C2017 07 23.32566 19 59 39.42 -20 53 20.5          23.2 r      568
     H006438  C2017 07 23.33194 19 59 39.14 -20 53 21.6          23.4 r      568
     H006439* C2017 07 23.31940 19 59 38.76 -20 57 25.7          22.1 r      568
     H006439  C2017 07 23.32566 19 59 38.38 -20 57 26.5          22.0 r      568
     H006439  C2017 07 23.33194 19 59 38.01 -20 57 27.3          21.8 r      568
     H006440* C2017 07 23.31940 19 59 20.40 -20 52 50.2          23.0 r      568
     H006440  C2017 07 23.32566 19 59 20.05 -20 52 50.3          23.1 r      568
     H006440  C2017 07 23.33194 19 59 19.68 -20 52 50.8          23.1 r      568
     H006441* C2017 07 23.31940 19 59 33.23 -20 57 38.8          22.4 r      568
     H006441  C2017 07 23.32566 19 59 32.90 -20 57 39.5          22.7 r      568
     H006441  C2017 07 23.33194 19 59 32.55 -20 57 40.3          22.4 r      568
     H006442* C2017 07 23.31313 19 59 42.36 -20 57 40.2          22.5 r      568
     H006442  C2017 07 23.31940 19 59 42.04 -20 57 41.2          22.5 r      568
     H006442  C2017 07 23.32566 19 59 41.72 -20 57 42.1          22.3 r      568
     H006442  C2017 07 23.33194 19 59 41.38 -20 57 43.1          22.1 r      568
     H006443* C2017 07 23.40320 19 59 18.82 -20 52 55.4          23.9 r      568
     H006443  C2017 07 23.40947 19 59 18.45 -20 52 57.1          23.8 r      568
     H006443  C2017 07 23.41574 19 59 18.13 -20 52 58.4          23.8 r      568
     H006443  C2017 07 23.42829 19 59 17.35 -20 53 02.2          24.1 r      568
     H006444* C2017 07 23.40320 19 59 38.96 -20 53 22.2          23.9 r      568
     H006444  C2017 07 23.40947 19 59 38.60 -20 53 23.5          23.4 r      568
     H006444  C2017 07 23.41574 19 59 38.32 -20 53 24.5          24.0 r      568
     H006444  C2017 07 23.42201 19 59 37.96 -20 53 25.5          24.0 r      568
     H006445* C2017 07 23.40320 19 59 31.23 -21 00 27.2          24.0 r      568
     H006445  C2017 07 23.42201 19 59 30.12 -21 00 29.9          23.8 r      568
     H006445  C2017 07 23.42829 19 59 29.74 -21 00 30.7          24.5 r      568
     H006446* C2017 07 23.40320 19 59 35.45 -20 53 34.7          23.4 r      568
     H006446  C2017 07 23.40947 19 59 35.13 -20 53 35.8          23.2 r      568
     H006446  C2017 07 23.42201 19 59 34.38 -20 53 38.0          24.1 r      568
     H006448* C2017 07 23.40947 19 59 43.85 -20 58 04.7          23.0 r      568
     H006448  C2017 07 23.41574 19 59 43.53 -20 58 06.6          23.2 r      568
     H006448  C2017 07 23.42201 19 59 43.22 -20 58 08.5          22.8 r      568
     H006448  C2017 07 23.42829 19 59 42.90 -20 58 10.3          23.2 r      568
     H006449* C2017 07 23.30686 19 59 21.14 -20 52 48.8          22.7 r      568
     H006449  C2017 07 23.31940 19 59 20.41 -20 52 50.0          23.0 r      568
     H006449  C2017 07 23.32566 19 59 20.03 -20 52 50.4          22.7 r      568
     H006449  C2017 07 23.33194 19 59 19.69 -20 52 50.7          22.9 r      568
     H006450* C2017 07 23.31313 19 59 29.21 -20 48 30.7          22.3 r      568
     H006450  C2017 07 23.31940 19 59 28.90 -20 48 31.6          22.4 r      568
     H006450  C2017 07 23.32566 19 59 28.59 -20 48 32.5          22.3 r      568
     H006450  C2017 07 23.33194 19 59 28.32 -20 48 33.3          22.9 r      568
     H006451* C2017 07 23.30686 19 59 20.66 -20 44 43.5          23.2 r      568
     H006451  C2017 07 23.31313 19 59 20.33 -20 44 43.7          23.9 r      568
     H006451  C2017 07 23.31940 19 59 19.99 -20 44 43.9          23.2 r      568
     H006451  C2017 07 23.33194 19 59 19.32 -20 44 44.2          23.8 r      568
     H006454* C2017 07 23.36432 19 59 21.02 -20 52 45.1          23.9 r      568
     H006454  C2017 07 23.37060 19 59 20.68 -20 52 46.9          24.1 r      568
     H006454  C2017 07 23.37688 19 59 20.31 -20 52 48.8          24.2 r      568
     H006454  C2017 07 23.38314 19 59 19.97 -20 52 50.4          23.6 r      568
     H006455* C2017 07 23.40320 19 59 38.43 -20 48 27.7          24.2 r      568
     H006455  C2017 07 23.40947 19 59 38.18 -20 48 29.4          24.8 r      568
     H006455  C2017 07 23.41574 19 59 37.88 -20 48 31.5          24.4 r      568
     H006455  C2017 07 23.42829 19 59 37.26 -20 48 35.7          24.1 r      568
     H006456* C2017 07 23.40947 19 59 27.22 -20 50 58.5          22.3 r      568
     H006456  C2017 07 23.41574 19 59 26.91 -20 50 59.8          22.6 r      568
     H006456  C2017 07 23.42201 19 59 26.52 -20 51 01.4          22.5 r      568
     H006456  C2017 07 23.42829 19 59 26.21 -20 51 02.6          22.2 r      568
     H006457* C2017 07 23.30686 19 59 29.35 -20 38 45.0          23.4 r      568
     H006457  C2017 07 23.31313 19 59 29.04 -20 38 46.7          22.9 r      568
     H006457  C2017 07 23.31940 19 59 28.75 -20 38 48.2          23.4 r      568
     H006457  C2017 07 23.33194 19 59 28.14 -20 38 51.6          23.5 r      568
     H006458* C2017 07 23.30686 19 59 31.13 -20 41 02.2          24.0 r      568
     H006458  C2017 07 23.31313 19 59 30.74 -20 41 03.9          24.0 r      568
     H006458  C2017 07 23.32566 19 59 29.93 -20 41 07.4          23.5 r      568
     H006458  C2017 07 23.33194 19 59 29.57 -20 41 08.7          23.6 r      568
     H006459* C2017 07 23.30686 19 59 16.33 -20 32 37.0          23.9 r      568
     H006459  C2017 07 23.31940 19 59 15.68 -20 32 42.9          23.7 r      568
     H006459  C2017 07 23.32566 19 59 15.39 -20 32 45.7          24.2 r      568
     H006459  C2017 07 23.33194 19 59 15.08 -20 32 48.3          23.3 r      568
     H006460* C2017 07 23.31313 19 59 38.67 -20 34 39.1          22.7 r      568
     H006460  C2017 07 23.31940 19 59 38.31 -20 34 40.3          22.7 r      568
     H006460  C2017 07 23.32566 19 59 37.97 -20 34 41.5          22.8 r      568
     H006460  C2017 07 23.33194 19 59 37.60 -20 34 42.8          22.7 r      568
     H006461* C2017 07 23.35804 19 59 58.22 -20 38 06.1          23.9 r      568
     H006461  C2017 07 23.37060 19 59 57.41 -20 38 16.6          23.6 r      568
     H006461  C2017 07 23.37688 19 59 57.08 -20 38 21.2          23.3 r      568
     H006461  C2017 07 23.38314 19 59 56.68 -20 38 26.4          23.4 r      568
     H006462* C2017 07 23.35804 19 59 57.17 -20 36 04.9          23.4 r      568
     H006462  C2017 07 23.36432 19 59 56.77 -20 36 06.3          23.3 r      568
     H006462  C2017 07 23.37060 19 59 56.37 -20 36 07.3          23.2 r      568
     H006462  C2017 07 23.37688 19 59 55.97 -20 36 08.1          22.7 r      568
     H006462  C2017 07 23.38314 19 59 55.58 -20 36 09.5          23.3 r      568
     H006463* C2017 07 23.35804 19 59 45.54 -20 36 44.4          22.9 r      568
     H006463  C2017 07 23.36432 19 59 45.14 -20 36 46.2          22.7 r      568
     H006463  C2017 07 23.37060 19 59 44.73 -20 36 47.8          23.1 r      568
     H006463  C2017 07 23.37688 19 59 44.34 -20 36 49.8          22.7 r      568
     H006464* C2017 07 23.36432 19 59 51.62 -20 32 44.6          23.4 r      568
     H006464  C2017 07 23.37060 19 59 51.29 -20 32 45.9          23.6 r      568
     H006464  C2017 07 23.37688 19 59 50.94 -20 32 47.2          23.2 r      568
     H006464  C2017 07 23.38314 19 59 50.57 -20 32 49.0          23.2 r      568
     H006465* C2017 07 23.30686 19 59 27.30 -20 25 50.1          23.2 r      568
     H006465  C2017 07 23.31313 19 59 26.96 -20 25 50.0          23.8 r      568
     H006465  C2017 07 23.31940 19 59 26.62 -20 25 49.6          23.6 r      568
     H006465  C2017 07 23.32566 19 59 26.24 -20 25 49.5          23.6 r      568
     H006465  C2017 07 23.33194 19 59 25.91 -20 25 49.6          23.7 r      568
     H006466* C2017 07 23.30686 19 59 15.44 -20 20 08.2          20.8 r      568
     H006466  C2017 07 23.31313 19 59 14.89 -20 20 06.1          20.8 r      568
     H006466  C2017 07 23.31940 19 59 14.35 -20 20 04.1          20.9 r      568
     H006466  C2017 07 23.32566 19 59 13.81 -20 20 02.0          20.8 r      568
     H006467* C2017 07 23.30686 19 59 45.95 -20 24 37.9          23.3 r      568
     H006467  C2017 07 23.32566 19 59 44.76 -20 24 39.5          23.4 r      568
     H006468* C2017 07 23.41260 19 59 14.75 -20 28 04.6          23.0 r      568
     H006468  C2017 07 23.41887 19 59 14.48 -20 28 05.9          23.5 r      568
     H006468  C2017 07 23.42515 19 59 14.14 -20 28 07.5          23.7 r      568
     H006468  C2017 07 23.43147 19 59 13.82 -20 28 09.0          23.4 r      568
     H006468  C2017 07 23.43774 19 59 13.51 -20 28 10.4          23.5 r      568
     H006469* C2017 07 23.41260 19 59 42.21 -20 25 46.3          23.7 r      568
     H006469  C2017 07 23.41887 19 59 41.92 -20 25 48.3          24.2 r      568
     H006469  C2017 07 23.42515 19 59 41.59 -20 25 50.3          24.4 r      568
     H006469  C2017 07 23.43147 19 59 41.26 -20 25 52.4          24.3 r      568
     H006469  C2017 07 23.43774 19 59 40.94 -20 25 54.4          23.6 r      568
     H006470* C2017 07 23.41260 19 59 45.40 -20 20 58.1          23.5 r      568
     H006470  C2017 07 23.41887 19 59 45.09 -20 21 00.4          24.1 r      568
     H006470  C2017 07 23.42515 19 59 44.77 -20 21 03.0          23.4 r      568
     H006470  C2017 07 23.43774 19 59 44.07 -20 21 07.9          23.1 r      568
     H006471* C2017 07 23.41260 19 59 32.11 -20 29 08.6          24.0 r      568
     H006471  C2017 07 23.42515 19 59 31.36 -20 29 08.5          24.6 r      568
     H006471  C2017 07 23.43147 19 59 30.93 -20 29 08.5          23.8 r      568
     H006471  C2017 07 23.43774 19 59 30.57 -20 29 08.8          24.2 r      568
     H006472* C2017 07 23.41260 19 59 52.96 -20 25 57.1          24.5 r      568
     H006472  C2017 07 23.42515 19 59 52.26 -20 25 58.7          24.1 r      568
     H006472  C2017 07 23.43147 19 59 51.88 -20 25 59.3          24.1 r      568
     H006472  C2017 07 23.43774 19 59 51.52 -20 26 00.1          23.6 r      568
     H006473* C2017 07 23.41887 19 59 32.20 -20 26 45.4          23.0 r      568
     H006473  C2017 07 23.42515 19 59 31.85 -20 26 48.0          22.8 r      568
     H006473  C2017 07 23.43147 19 59 31.50 -20 26 50.5          22.8 r      568
     H006473  C2017 07 23.43774 19 59 31.15 -20 26 53.0          22.9 r      568
     H006474* C2017 07 23.41887 19 59 47.77 -20 25 03.8          24.4 r      568
     H006474  C2017 07 23.42515 19 59 47.46 -20 25 04.5          24.4 r      568
     H006474  C2017 07 23.43147 19 59 47.10 -20 25 04.7          24.3 r      568
     H006474  C2017 07 23.43774 19 59 46.72 -20 25 05.3          24.9 r      568
     H006475* C2017 07 23.41260 19 59 40.65 -20 19 08.6          23.6 r      568
     H006475  C2017 07 23.41887 19 59 40.30 -20 19 10.2          23.4 r      568
     H006475  C2017 07 23.42515 19 59 39.94 -20 19 12.1          23.5 r      568
     H006475  C2017 07 23.43147 19 59 39.57 -20 19 13.3          23.6 r      568
     H006475  C2017 07 23.43774 19 59 39.19 -20 19 14.7          23.7 r      568
     H006476* C2017 07 23.41260 19 59 16.19 -20 15 34.0          23.9 r      568
     H006476  C2017 07 23.41887 19 59 15.73 -20 15 33.1          23.9 r      568
     H006476  C2017 07 23.42515 19 59 15.33 -20 15 31.8          23.5 r      568
     H006476  C2017 07 23.43147 19 59 14.88 -20 15 30.6          23.4 r      568
     H006476  C2017 07 23.43774 19 59 14.47 -20 15 29.5          23.7 r      568
     H006477* C2017 07 23.41260 19 59 27.36 -20 16 29.2          23.5 r      568
     H006477  C2017 07 23.41887 19 59 27.00 -20 16 30.7          23.8 r      568
     H006477  C2017 07 23.42515 19 59 26.55 -20 16 32.4          23.4 r      568
     H006477  C2017 07 23.43774 19 59 25.77 -20 16 35.4          23.6 r      568
     H006478* C2017 07 23.42515 19 59 30.35 -20 18 59.4          23.3 r      568
     H006478  C2017 07 23.43147 19 59 29.92 -20 18 58.1          23.3 r      568
     H006478  C2017 07 23.43774 19 59 29.49 -20 18 56.9          23.7 r      568
