1 2457048.796955385 128.9273172 17.6961480 nan nan 1124.00 2346.00 r
1 2457048.825325683 128.9332374 17.7024252 24.852 0.009 1096.00 2380.00 r
1 2457048.849849903 128.9278262 17.6955642 25.939 0.015 1121.00 2345.00 r
1 2457048.877063905 128.9269810 17.6966845 25.305 0.011 1129.00 2345.00 r
1 2457048.796955385 128.9174070 17.6924133 nan nan 1173.00 2328.00 r
1 2457048.825325683 128.9179605 17.6935340 nan nan 1171.00 2334.00 r
1 2457048.825325683 128.9182778 17.6941404 25.599 0.013 1171.00 2334.00 r
1 2457048.849849903 128.9190818 17.6942896 25.514 0.012 1170.00 2331.00 r
1 2457048.877063905 128.9166836 17.6941619 25.096 0.010 1178.00 2331.00 r
1 2457048.902035332 128.9171134 17.6955669 26.146 0.016 1176.00 2341.00 r
1 2457048.902035332 128.9178186 17.6944389 nan nan 1176.00 2341.00 r
