     K15R98F  C2015 07 14.58245 23 32 13.78 -00 26 15.06         23.9 g      568
     K15R98F  C2015 07 14.59279 23 32 14.11 -00 26 12.26         23.8 g      568
     K15R98F  C2015 07 14.59792 23 32 14.27 -00 26 11.18         24.0 g      568
     K15R98F  C2015 07 14.60326 23 32 14.44 -00 26 09.66         23.9 g      568
     K15R98F  C2015 07 14.60836 23 32 14.60 -00 26 08.31         23.8 g      568
     H000012  C2015 07 14.58245 23 31 59.32 -00 18 55.93         25.7 g      568
     H000012  C2015 07 14.59279 23 31 59.30 -00 18 55.52         25.6 g      568
     H000012  C2015 07 14.59792 23 31 59.28 -00 18 55.83         32.8 g      568
     H000012  C2015 07 14.60326 23 31 59.30 -00 18 55.69         26.1 g      568
     H000012  C2015 07 14.60836 23 31 59.27 -00 18 55.54         26.1 g      568
     H000013  C2015 07 14.58245 23 31 29.10 -00 19 05.61         25.8 g      568
     H000013  C2015 07 14.59279 23 31 28.98 -00 19 02.61         25.3 g      568
     H000013  C2015 07 14.59792 23 31 28.94 -00 18 59.63         25.2 g      568
     H000013  C2015 07 14.60326 23 31 28.81 -00 18 58.55         25.7 g      568
     H000013  C2015 07 14.60836 23 31 28.71 -00 18 57.25         25.4 g      568
     H000014  C2015 07 14.58245 23 31 45.79 -00 18 01.52         25.3 g      568
     H000014  C2015 07 14.59279 23 31 45.81 -00 18 00.87         25.3 g      568
     H000014  C2015 07 14.59792 23 31 45.79 -00 18 00.64         25.5 g      568
     H000014  C2015 07 14.60326 23 31 45.78 -00 18 01.04         26.2 g      568
     H000015  C2015 07 14.58245 23 31 46.09 -00 18 01.04         25.8 g      568
     H000015  C2015 07 14.59279 23 31 45.81 -00 18 00.87         25.3 g      568
     H000015  C2015 07 14.59792 23 31 45.79 -00 18 00.64         25.5 g      568
     H000015  C2015 07 14.60326 23 31 45.78 -00 18 01.04         26.2 g      568
     H000016  C2015 07 14.58245 23 31 46.05 -00 18 54.97         26.4 g      568
     H000016  C2015 07 14.59279 23 31 46.06 -00 18 54.84         27.6 g      568
     H000016  C2015 07 14.59792 23 31 46.04 -00 18 55.32         25.8 g      568
     H000016  C2015 07 14.60326 23 31 46.07 -00 18 55.12         25.5 g      568
     H000017  C2015 07 14.58245 23 32 02.85 -00 21 03.61         25.5 g      568
     H000017  C2015 07 14.59279 23 32 02.87 -00 21 04.46         27.3 g      568
     H000017  C2015 07 14.59792 23 32 02.81 -00 21 03.56         25.5 g      568
     H000017  C2015 07 14.60326 23 32 02.88 -00 21 04.51         26.8 g      568
     H000018  C2015 07 14.58245 23 31 53.45 -00 18 00.18         25.7 g      568
     H000018  C2015 07 14.59279 23 31 53.40 -00 18 00.98         25.2 g      568
     H000018  C2015 07 14.59792 23 31 53.39 -00 18 00.13         25.9 g      568
     H000018  C2015 07 14.60326 23 31 53.37 -00 18 00.48         25.4 g      568
     H000019  C2015 07 14.58245 23 31 29.28 -00 18 47.16         25.5 g      568
     H000019  C2015 07 14.59279 23 31 29.19 -00 18 47.13         25.2 g      568
     H000019  C2015 07 14.59792 23 31 29.13 -00 18 46.22         24.9 g      568
     H000019  C2015 07 14.60836 23 31 29.10 -00 18 45.58         25.1 g      568
     H000020  C2015 07 14.58245 23 31 30.18 -00 18 36.68         25.4 g      568
     H000020  C2015 07 14.59792 23 31 30.19 -00 18 36.22         24.9 g      568
     H000020  C2015 07 14.60326 23 31 30.29 -00 18 36.49         25.1 g      568
     H000020  C2015 07 14.60836 23 31 30.35 -00 18 35.96         25.1 g      568
     H000021  C2015 07 14.58245 23 31 29.84 -00 18 36.79         26.1 g      568
     H000021  C2015 07 14.59792 23 31 30.19 -00 18 36.22         24.9 g      568
     H000021  C2015 07 14.60326 23 31 30.29 -00 18 36.49         25.1 g      568
     H000021  C2015 07 14.60836 23 31 30.35 -00 18 35.96         25.1 g      568
     H000022  C2015 07 14.58245 23 31 52.13 -00 21 13.94         25.9 g      568
     H000022  C2015 07 14.59792 23 31 52.41 -00 21 12.65         25.9 g      568
     H000022  C2015 07 14.60326 23 31 52.48 -00 21 11.10         25.8 g      568
     H000022  C2015 07 14.60836 23 31 52.50 -00 21 09.80         26.2 g      568
