K15R98F 4 16.52 175.79
K15R98F 3 20.23 173.79
K15R98F 2 23.97 171.53
K15R98F 1 27.59 169.92
K15R98F 0 34.84 165.74
H000022 4 509.93 620.05
H000022 3 510.17 618.12
H000022 2 511.96 615.82
H000022 0 518.09 613.9
H000021 4 1004.35 849.01
H000021 3 1005.58 848.23
H000021 2 1007.93 848.64
H000021 0 1015.75 847.79
H000020 4 1004.35 849.01
H000020 3 1005.58 848.23
H000020 2 1007.93 848.64
H000020 0 1008.1 847.95
H000019 4 1032.1 834.71
H000019 2 1031.46 833.75
H000019 1 1030.12 832.41
H000019 0 1028.14 832.35
H000018 3 490.31 901.8
H000018 2 489.96 902.33
H000018 1 489.7 901.07
H000018 0 488.68 902.25
H000017 3 278.21 627.92
H000017 2 279.64 629.34
H000017 1 278.28 628.0
H000017 0 278.67 629.27
H000016 3 653.43 820.5
H000016 2 654.08 820.19
H000016 1 653.47 820.91
H000016 0 653.79 820.71
H000015 3 659.79 900.98
H000015 2 659.64 901.58
H000015 1 659.1 901.23
H000015 0 652.93 900.98
H000014 3 659.79 900.98
H000014 2 659.64 901.58
H000014 1 659.1 901.23
H000014 0 659.58 900.26
H000013 4 1040.88 817.33
H000013 3 1038.55 815.4
H000013 2 1035.7 813.8
H000013 1 1034.72 809.36
H000013 0 1032.1 804.9
H000012 4 358.58 819.87
H000012 3 358.08 819.64
H000012 2 358.55 819.43
H000012 1 358.06 819.9
H000012 0 357.6 819.28
