     H000012* C2015 07 14.58245 23 31 59.32 -00 18 55.9          25.7 g      568
     H000012  C2015 07 14.59279 23 31 59.30 -00 18 55.5          25.6 g      568
     H000012  C2015 07 14.60326 23 31 59.30 -00 18 55.6          26.1 g      568
     H000012  C2015 07 14.60836 23 31 59.27 -00 18 55.5          26.1 g      568
     H000013* C2015 07 14.58245 23 31 29.10 -00 19 05.6          25.8 g      568
     H000013  C2015 07 14.59279 23 31 28.98 -00 19 02.6          25.3 g      568
     H000013  C2015 07 14.60326 23 31 28.81 -00 18 58.5          25.7 g      568
     H000013  C2015 07 14.60836 23 31 28.71 -00 18 57.2          25.4 g      568
     H000014* C2015 07 14.58245 23 31 45.79 -00 18 01.5          25.3 g      568
     H000014  C2015 07 14.59279 23 31 45.81 -00 18 00.8          25.3 g      568
     H000014  C2015 07 14.59792 23 31 45.79 -00 18 00.6          25.5 g      568
     H000016* C2015 07 14.58245 23 31 46.05 -00 18 54.9          26.4 g      568
     H000016  C2015 07 14.59792 23 31 46.04 -00 18 55.3          25.8 g      568
     H000016  C2015 07 14.60326 23 31 46.07 -00 18 55.1          25.5 g      568
     H000017* C2015 07 14.58245 23 32 02.85 -00 21 03.6          25.5 g      568
     H000017  C2015 07 14.60326 23 32 02.88 -00 21 04.5          26.8 g      568
     H000018* C2015 07 14.58245 23 31 53.45 -00 18 00.1          25.7 g      568
     H000018  C2015 07 14.59279 23 31 53.40 -00 18 00.9          25.2 g      568
     H000018  C2015 07 14.59792 23 31 53.39 -00 18 00.1          25.9 g      568
     H000018  C2015 07 14.60326 23 31 53.37 -00 18 00.4          25.4 g      568
     H000019* C2015 07 14.58245 23 31 29.28 -00 18 47.1          25.5 g      568
     H000019  C2015 07 14.59279 23 31 29.19 -00 18 47.1          25.2 g      568
     H000019  C2015 07 14.59792 23 31 29.13 -00 18 46.2          24.9 g      568
     H000019  C2015 07 14.60836 23 31 29.10 -00 18 45.5          25.1 g      568
     H000020* C2015 07 14.58245 23 31 30.18 -00 18 36.6          25.4 g      568
     H000020  C2015 07 14.60326 23 31 30.29 -00 18 36.4          25.1 g      568
     H000020  C2015 07 14.60836 23 31 30.35 -00 18 35.9          25.1 g      568
     H000022* C2015 07 14.58245 23 31 52.13 -00 21 13.9          25.9 g      568
     H000022  C2015 07 14.60836 23 31 52.50 -00 21 09.8          26.2 g      568
     K15R98F  C2015 07 14.58245 23 32 13.78 -00 26 15.0          23.9 g      568
     K15R98F  C2015 07 14.59279 23 32 14.11 -00 26 12.2          23.8 g      568
     K15R98F  C2015 07 14.59792 23 32 14.27 -00 26 11.1          24.0 g      568
     K15R98F  C2015 07 14.60326 23 32 14.44 -00 26 09.6          23.9 g      568
     K15R98F  C2015 07 14.60836 23 32 14.60 -00 26 08.3          23.8 g      568
