     H000001 0 1427.67 395.33
     H000001 1 1427.62 396.71
     H000001 2 1427.98 394.73
     H000001 3 1428.59 394.33
     H000001 4 1427.73 395.46
     H000002 0 1310.59 424.33
     H000002 1 1309.32 434.47
     H000002 2 1308.87 438.18
     H000002 3 1308.34 443.66
     H000002 4 1307.35 448.88
     H000003 0 480.79 711.89
     H000003 1 480.35 711.39
     H000003 2 481.01 711.49
     H000003 3 481.22 711.04
     H000003 4 481.32 711.51
     H000004 0 1029.16 1697.06
     H000004 1 1028.81 1696.81
     H000004 2 1029.14 1696.54
     H000004 3 1029.73 1694.8
     H000004 4 1031.39 1696.69
     H000005 0 1033.3 1692.67
     H000005 1 1028.81 1696.81
     H000005 2 1029.14 1696.54
     H000005 3 1029.73 1694.8
     H000005 4 1031.39 1696.69
     H000006 0 1065.88 1646.93
     H000006 1 1037.6 1693.74
     H000006 2 1023.35 1714.88
     H000006 3 1012.7 1739.84
     H000006 4 1002.46 1758.99
     H000007 0 1088.54 1631.51
     H000007 1 1068.14 1652.8
     H000007 2 1062.59 1663.97
     H000007 3 1051.78 1678.76
     H000007 4 1040.58 1694.47
     H000008 0 1007.71 1803.09
     H000008 1 1007.86 1804.15
     H000008 2 1008.46 1802.59
     H000008 3 1007.66 1802.26
     H000008 4 1007.97 1803.32
     H000009 0 867.51 1739.93
     H000009 1 868.23 1740.62
     H000009 2 867.73 1739.44
     H000009 3 867.54 1739.39
     H000009 4 868.98 1741.96
     H000010 0 1685.88 1025.91
     H000010 1 1686.53 1026.02
     H000010 2 1685.56 1026.73
     H000010 3 1686.48 1026.01
     H000011 0 1403.73 1028.4
     H000011 1 1403.17 1028.82
     H000011 2 1400.57 1028.49
     H000011 3 1403.51 1028.03
     H000012 0 1399.47 1029.02
     H000012 1 1403.17 1028.82
     H000012 2 1400.57 1028.49
     H000012 3 1403.51 1028.03
     H000013 0 1033.3 1692.67
     H000013 1 1026.87 1712.19
     H000013 2 1020.6 1722.98
     H000013 3 1020.48 1736.23
     H000014 0 1041.86 1689.42
     H000014 1 1026.87 1712.19
     H000014 2 1020.6 1722.98
     H000014 3 1012.7 1739.84
     H000015 0 1041.86 1689.42
     H000015 1 1043.56 1693.54
     H000015 2 1045.13 1698.11
     H000015 3 1047.83 1696.44
     H000016 0 1038.21 1677.05
     H000016 1 1033.18 1681.06
     H000016 2 1032.33 1681.17
     H000016 3 1032.38 1681.24
     H000017 0 1070.56 1652.91
     H000017 1 1056.58 1663.17
     H000017 2 1053.69 1671.14
     H000017 3 1051.78 1678.76
     H000018 0 1065.88 1646.93
     H000018 1 1056.58 1663.17
     H000018 2 1053.69 1671.14
     H000018 3 1051.78 1678.76
     H000019 0 1101.84 1642.0
     H000019 1 1078.03 1639.47
     H000019 2 1071.41 1637.72
     H000019 3 1060.26 1638.62
     H000020 0 1127.66 1633.07
     H000020 1 1192.65 1640.31
     H000020 2 1225.6 1645.59
     H000020 3 1258.49 1653.28
     H000021 0 1055.86 1807.6
     H000021 1 1055.3 1788.7
     H000021 2 1053.1 1783.4
     H000021 3 1048.46 1778.5
     H000022 0 1001.32 1758.28
     H000022 1 997.37 1732.02
     H000022 2 995.92 1720.61
     H000022 3 994.15 1702.52
     H000023 0 1031.69 1750.54
     H000023 1 1047.47 1697.11
     H000023 2 1053.69 1671.14
     H000023 3 1060.26 1638.62
     H000024 0 1044.02 1704.56
     H000024 1 1026.87 1712.19
     H000024 2 1023.35 1714.88
     H000024 3 1016.17 1717.37
     H000025 0 1045.43 1697.33
     H000025 1 1033.6 1709.78
     H000025 2 1023.35 1714.88
     H000025 3 1016.17 1717.37
     H000026 0 1045.43 1697.33
     H000026 1 1047.47 1697.11
     H000026 2 1045.13 1698.11
     H000026 3 1047.83 1696.44
     H000027 0 1307.85 1682.01
     H000027 1 1271.47 1724.93
     H000027 2 1257.19 1746.33
     H000027 3 1242.89 1769.09
     H000028 0 1049.73 1678.93
     H000028 1 1043.56 1693.54
     H000028 2 1045.13 1698.11
     H000028 3 1041.42 1704.65
     H000029 0 1113.66 1631.1
     H000029 1 1086.19 1636.39
     H000029 2 1071.41 1637.72
     H000029 3 1060.26 1638.62
     H000030 0 445.83 1483.83
     H000030 1 447.71 1494.62
     H000030 2 449.03 1504.39
     H000030 3 449.45 1506.82
     H000031 0 727.0 219.03
     H000031 1 729.18 219.84
     H000031 2 727.67 220.01
     H000031 4 727.15 219.24
     H000032 0 893.97 1780.65
     H000032 1 893.87 1780.32
     H000032 2 893.95 1780.0
     H000032 4 893.67 1779.57
     H000033 0 1101.84 1642.0
     H000033 1 1105.71 1636.05
     H000033 2 1103.81 1636.57
     H000033 4 1103.56 1636.19
     H000034 0 1107.72 1638.72
     H000034 1 1105.71 1636.05
     H000034 2 1103.81 1636.57
     H000034 4 1103.56 1636.19
     H000035 0 1078.65 1637.07
     H000035 1 1078.03 1639.47
     H000035 2 1079.31 1635.9
     H000035 4 1078.87 1638.65
     H000036 0 1127.66 1633.07
     H000036 1 1125.71 1631.95
     H000036 2 1127.35 1632.23
     H000036 4 1123.75 1631.93
     H000037 0 1113.19 1823.3
     H000037 1 1116.59 1826.95
     H000037 2 1116.61 1825.45
     H000037 4 1115.57 1822.84
     H000038 0 1112.01 1832.81
     H000038 1 1116.59 1826.95
     H000038 2 1116.61 1825.45
     H000038 4 1115.57 1822.84
     H000039 0 1001.32 1758.28
     H000039 1 1016.17 1736.77
     H000039 2 1020.6 1722.98
     H000039 4 1031.39 1696.69
     H000040 0 1020.7 1717.33
     H000040 1 1043.56 1693.54
     H000040 2 1058.84 1678.15
     H000040 4 1081.28 1652.55
     H000041 0 1057.22 1668.53
     H000041 1 1054.58 1673.58
     H000041 2 1053.69 1671.14
     H000041 4 1054.25 1672.42
     H000042 0 1057.22 1668.53
     H000042 1 1068.14 1652.8
     H000042 2 1069.8 1648.25
     H000042 4 1078.87 1638.65
     H000043 0 976.01 509.75
     H000043 1 969.74 516.44
     H000043 3 962.97 522.76
     H000043 4 960.73 525.51
     H000044 0 1029.16 1697.06
     H000044 1 1037.6 1693.74
     H000044 3 1041.51 1692.92
     H000044 4 1040.58 1694.47
     H000045 0 1033.3 1692.67
     H000045 1 1037.6 1693.74
     H000045 3 1041.51 1692.92
     H000045 4 1040.58 1694.47
     H000046 0 1041.86 1689.42
     H000046 1 1037.6 1693.74
     H000046 3 1029.73 1694.8
     H000046 4 1031.39 1696.69
     H000047 0 1070.56 1652.91
     H000047 1 1054.58 1673.58
     H000047 3 1041.51 1692.92
     H000047 4 1034.12 1704.55
     H000048 0 1001.32 1758.28
     H000048 1 1001.84 1757.76
     H000048 3 1001.43 1758.38
     H000048 4 1002.46 1758.99
     H000049 0 1001.32 1758.28
     H000049 1 1033.6 1709.78
     H000049 3 1065.31 1664.81
     H000049 4 1078.87 1638.65
     H000050 0 1045.43 1697.33
     H000050 1 1043.56 1693.54
     H000050 3 1041.51 1692.92
     H000050 4 1040.58 1694.47
     H000051 0 1049.73 1678.93
     H000051 1 1033.6 1709.78
     H000051 3 1012.7 1739.84
     H000051 4 1002.46 1758.99
     H000052 0 1057.22 1668.53
     H000052 1 1037.6 1693.74
     H000052 3 1016.17 1717.37
     H000052 4 1004.18 1724.74
     H000053 0 1987.83 415.04
     H000053 2 1989.66 400.94
     H000053 3 1990.05 400.46
     H000053 4 1988.18 393.03
     H000054 0 97.36 600.64
     H000054 2 95.99 599.5
     H000054 3 96.34 599.68
     H000054 4 96.31 599.82
     H000055 0 102.31 610.13
     H000055 2 95.99 599.5
     H000055 3 96.34 599.68
     H000055 4 96.31 599.82
     H000056 0 1003.59 674.22
     H000056 2 1004.32 673.25
     H000056 3 1002.53 674.55
     H000056 4 1006.84 676.42
     H000057 0 1101.84 1642.0
     H000057 2 1058.84 1678.15
     H000057 3 1041.51 1692.92
     H000057 4 1030.31 1708.69
     H000058 0 556.84 1574.56
     H000058 2 548.19 1583.27
     H000058 3 545.33 1587.3
     H000058 4 543.23 1589.14
     H000059 0 556.84 1574.56
     H000059 2 541.32 1574.56
     H000059 3 541.0 1572.99
     H000059 4 540.95 1573.32
     H000060 0 1307.85 1682.01
     H000060 2 1270.37 1725.3
     H000060 3 1260.31 1741.88
     H000060 4 1248.55 1761.13
     H000061 0 1102.49 1620.51
     H000061 2 1062.59 1663.97
     H000061 3 1051.78 1678.76
     H000061 4 1040.58 1694.47
     H000062 0 559.49 1586.01
     H000062 2 548.19 1583.27
     H000062 3 545.33 1587.3
     H000062 4 543.23 1589.14
     H000063 0 458.28 1508.2
     H000063 2 449.03 1504.39
     H000063 3 449.45 1506.82
     H000063 4 448.75 1503.14
     H000064 1 1427.62 396.71
     H000064 2 1427.98 394.73
     H000064 3 1428.59 394.33
     H000064 4 1427.73 395.46
     H000065 1 1392.4 720.31
     H000065 2 1393.37 719.39
     H000065 3 1393.26 720.86
     H000065 4 1393.11 720.63
     H000066 1 1049.07 1799.04
     H000066 2 1050.08 1797.02
     H000066 3 1053.78 1792.15
     H000066 4 1054.34 1793.77
     H000067 1 984.81 1731.91
     H000067 2 999.85 1723.36
     H000067 3 1016.17 1717.37
     H000067 4 1030.31 1708.69
     H000068 1 1033.6 1709.78
     H000068 2 1023.35 1714.88
     H000068 3 1016.17 1717.37
     H000068 4 1004.18 1724.74
     H000069 1 1078.03 1639.47
     H000069 2 1063.52 1658.79
     H000069 3 1051.78 1678.76
     H000069 4 1040.58 1694.47
     H000070 1 1068.14 1652.8
     H000070 2 1053.69 1671.14
     H000070 3 1041.51 1692.92
     H000070 4 1030.31 1708.69
