K8914         4 19.448 0.002 1466.14 747.17
K8914         3 19.448 0.002 1412.21 720.93
K8914         2 19.563 0.002 1353.63 692.16
K8914         1 19.934 0.002 1301.33 666.53
K8914         0 19.969 0.002 1240.19 636.14
J9988         4 20.578 0.003 923.36 1497.00
J9988         3 20.632 0.003 863.45 1484.15
J9988         2 20.618 0.003 798.42 1470.05
J9988         1 20.559 0.003 739.91 1457.28
J9988         0 20.582 0.003 672.41 1442.40
     K15Bx9R  3 21.034 0.004 2342.69 97.36
     K15Bx9R  2 21.023 0.004 2286.10 66.21
     K15Bx9R  1 23.795 0.013 2236.99 41.26
     K15Bx9R  0 22.875 0.009 2178.72 6.97
     K15AG2H  4 21.236 0.004 4841.33 1700.01
     K15AG2H  3 21.140 0.004 4763.19 1697.07
     K15AG2H  2 21.180 0.004 4678.19 1693.67
     K15AG2H  1 21.122 0.004 4601.96 1690.36
     K15AG2H  0 21.114 0.004 4514.21 1686.26
     H000032  3 23.736 0.013 2056.44 3308.95
     H000032  2 23.191 0.010 1992.48 3291.72
     H000032  1 23.356 0.011 1935.56 3276.41
     H000032  0 23.557 0.012 1870.75 3258.48
     H000031  4 23.694 0.013 1790.63 3279.70
     H000031  3 23.901 0.014 1723.27 3266.53
     H000031  1 23.663 0.013 1586.05 3238.70
     H000031  0 24.705 0.021 1511.88 3223.12
     H000030  4 24.000 0.015 3340.93 3072.97
     H000030  3 23.948 0.014 3278.82 3071.97
     H000030  2 24.316 0.017 3211.92 3071.13
     H000030  1 24.431 0.018 3151.38 3070.11
     H000030  0 24.419 0.018 3082.38 3069.32
     H000029  4 22.843 0.009 2343.05 2970.45
     H000029  3 22.342 0.007 2282.00 2963.35
     H000029  2 22.219 0.006 2216.43 2955.65
     H000029  1 22.136 0.006 2157.42 2948.41
     H000029  0 22.164 0.006 2090.02 2940.34
     H000028  4 23.901 0.014 759.29 2184.39
     H000028  3 24.097 0.015 758.99 2185.01
     H000028  1 24.749 0.021 759.48 2184.51
     H000028  0 24.700 0.021 759.31 2184.83
     H000027  4 23.794 0.013 3235.06 2102.11
     H000027  3 23.226 0.010 3164.86 2093.66
     H000027  2 23.131 0.010 3088.50 2084.88
     H000027  1 23.357 0.011 3019.94 2076.30
     H000027  0 23.730 0.013 2940.99 2066.58
     H000026  4 25.118 0.024 1592.47 2044.18
     H000026  3 25.344 0.027 1591.51 2044.31
     H000026  1 24.897 0.022 1592.29 2044.39
     H000026  0 24.233 0.017 1591.74 2044.04
     H000025  4 24.258 0.016 4435.07 2096.83
     H000025  3 24.029 0.015 4378.24 2082.60
     H000025  2 23.933 0.014 4317.69 2067.01
     H000025  1 25.306 0.027 4261.56 2052.28
     H000025  0 24.119 0.016 4198.23 2035.83
     H000024  4 24.932 0.022 938.72 1688.65
     H000024  3 24.603 0.019 938.97 1689.27
     H000024  1 24.582 0.019 938.55 1688.98
     H000024  0 24.688 0.020 939.25 1688.93
     H000023  4 24.439 0.018 167.14 1499.86
     H000023  2 24.377 0.018 167.83 1499.69
     H000023  1 24.264 0.017 167.83 1499.87
     H000023  0 23.884 0.014 167.33 1500.03
     H000022  3 24.557 0.019 2123.71 1526.68
     H000022  2 23.971 0.015 2061.28 1507.07
     H000022  1 24.063 0.015 2004.59 1488.92
     H000022  0 23.812 0.014 1940.12 1468.22
     H000021  4 24.356 0.017 187.73 1202.29
     H000021  2 24.531 0.019 187.71 1202.02
     H000021  1 24.694 0.020 188.18 1201.83
     H000021  0 24.181 0.016 187.53 1201.98
     H000020  4 24.010 0.015 4909.54 1181.10
     H000020  3 24.096 0.015 4909.61 1181.11
     H000020  2 24.091 0.015 4908.53 1181.49
     H000020  1 23.837 0.014 4909.03 1181.50
     H000020  0 23.940 0.014 4908.46 1181.78
     H000019  4 23.652 0.012 3786.07 847.42
     H000019  3 23.769 0.013 3787.18 849.05
     H000019  2 23.698 0.013 3786.02 847.28
     H000019  1 23.872 0.014 3785.36 848.20
     H000019  0 23.610 0.012 3786.92 848.03
     H000018  4 24.583 0.019 2971.21 586.06
     H000018  3 24.037 0.015 2971.20 585.35
     H000018  2 24.758 0.021 2970.83 586.12
     H000018  1 24.005 0.015 2970.83 585.51
     H000018  0 24.793 0.021 2971.02 585.68
     H000017  4 24.060 0.015 1788.58 406.23
     H000017  3 24.656 0.020 1788.44 406.74
     H000017  1 24.209 0.016 1788.03 406.35
     H000017  0 24.444 0.018 1788.18 406.32
     H000016  4 24.704 0.020 4841.10 338.41
     H000016  3 24.563 0.019 4841.11 338.40
     H000016  2 25.566 0.030 4841.03 338.51
     H000016  1 24.912 0.022 4841.32 338.47
     H000016  0 24.667 0.020 4841.08 338.63
     H000015  4 24.163 0.016 5095.33 222.10
     H000015  3 26.929 0.056 5095.01 222.01
     H000015  2 26.360 0.044 5095.13 222.23
     H000015  1 25.821 0.034 5095.04 221.99
     H000015  0 27.196 0.065 5095.13 221.89

# 以下コメント
newall.txtの情報のうち, 名前 画像番号 等級 等級誤差 Xpixel Ypixel のみを書き出したもの.