2457957.948611435 3591 Vladimirskij 319.87410520735716 -17.43296686938052 16.27
2457957.948611435 3599 Basov 319.67593722857066 -14.351697410129361 17.24
2457957.948611435 4389 Durbin 319.18325934261065 -15.702811627649613 16.33
2457957.948611435 6115 Martinduncan 318.598184315229 -17.341419622329745 16.36
2457957.948611435 8707 Arakihiroshi 317.621697552726 -17.366429011776493 16.88
2457957.948611435 10817 1993 FR44 320.86196471948966 -17.54344593640777 17.92
2457957.948611435 13806 Darmstrong 318.12602979302653 -17.532419290174982 18.11
2457957.948611435 14271 2000 AN233 319.7028974662851 -16.204585211615974 17.31
2457957.948611435 15390 Znojil 318.11009867316244 -15.683068015682124 18.13
2457957.948611435 15968 Waltercugno 320.5022355330945 -16.877730221712117 18.16
2457957.948611435 16332 4117 T-2 317.48491908785354 -16.27288541716229 17.11
2457957.948611435 17104 McCloskey 319.39541556347035 -15.51425357140779 18.88
2457957.948611435 19146 1989 YY 319.46314889830523 -17.496324287719737 18.54
2457957.948611435 19257 1995 DS5 320.9056510357622 -16.038543101357 16.54
2457957.948611435 20385 1998 KS53 320.3071686394263 -14.505448855662527 17.28
2457957.948611435 21203 1994 PP20 321.00306592833135 -14.646070665943622 18.15
2457957.948611435 21528 Chrisfaust 319.65172576148393 -14.96803213878554 17.41
2457957.948611435 21795 Masi 319.0018874991292 -17.37542800176008 18.33
2457957.948611435 22470 Shirakawa-go 320.17215703380043 -16.183638206478527 19.21

# 以下コメント
cand2.txtから30等以下の暗い小惑星を取り除いたもの