3183 2457957.791644444 300.09878 -19.9802 16.654
4599 2457957.791644444 299.28201 -21.53493 17.08
5088 2457957.791644444 300.77572 -21.20292 17.567
6210 2457957.791644444 298.81261 -20.16598 16.732
6778 2457957.791644444 300.14204 -20.46842 16.862
8463 2457957.791644444 298.98305 -19.49424 19.607
8756 2457957.791644444 300.75417 -20.90713 18.541
16515 2457957.791644444 300.21966 -20.05042 18.075
19398 2457957.791644444 297.37409 -22.53523 16.854
20340 2457957.791644444 298.84479 -19.15939 19.112
21192 2457957.791644444 299.65415 -21.97379 17.241
21393 2457957.791644444 298.20654 -21.05671 16.196
21482 2457957.791644444 299.9215 -21.40659 16.675
21633 2457957.791644444 298.83131 -22.02704 17.18
22355 2457957.791644444 298.32322 -22.56967 18.161
27478 2457957.791644444 298.0402 -19.25706 18.233
30487 2457957.791644444 299.67012 -20.7194 18.4
84095 2457957.791644444 298.06465 -20.4322 19.768
130161 2457957.791644444 300.4161 -21.77327 19.166
542888 2457957.791644444 298.7515 -22.33285 20.232
414 2457957.791644444 298.39784 -22.45888 14.748
820 2457957.791644444 299.51063 -20.67135 14.488
996 2457957.791644444 299.6513 -21.36314 16.087
1112 2457957.791644444 300.78553 -21.34473 14.022

# 以下コメント
cand3.txtに記載の確定番号小惑星について, カレントディレクトリに存在するfits画像の時刻における
詳細位置をJPLに問い合わせ, その結果を書き出したファイル.
時刻ごとに分けて~/.coias/orbit_data/yyyy-mm-dd/連番ディレクトリ以下に保存されている.
書式: 確定番号 jd ra[degree] dec[degree] 等級